# ------------------------------------------------------------------------
# Terrestrial transmittance spectrum
# NASA-GSFC Planetary Spectrum Generator (PSG)
# Synthesized using PUMAS (Villanueva et al. 2018, 2022)
# Spectroscopic database: HITRAN (Gordon et al. 2022)
# ------------------------------------------------------------------------
# Spectral unit: Wavelength [um]
# Wave/freq Telluric
5.000000000e-01  0.887004
5.001000000e-01  0.886995
5.002000200e-01  0.886985
5.003000600e-01  0.886974
5.004001200e-01  0.886961
5.005002000e-01  0.886947
5.006003001e-01  0.886932
5.007004201e-01  0.886915
5.008005602e-01  0.886897
5.009007203e-01  0.886878
5.010009005e-01  0.886857
5.011011007e-01  0.886835
5.012013209e-01  0.886812
5.013015611e-01  0.886787
5.014018215e-01  0.886762
5.015021018e-01  0.886737
5.016024022e-01  0.886712
5.017027227e-01  0.886687
5.018030633e-01  0.886663
5.019034239e-01  0.886641
5.020038046e-01  0.886620
5.021042053e-01  0.886600
5.022046262e-01  0.886580
5.023050671e-01  0.886559
5.024055281e-01  0.886537
5.025060092e-01  0.886513
5.026065104e-01  0.886487
5.027070317e-01  0.886457
5.028075731e-01  0.886424
5.029081346e-01  0.886387
5.030087163e-01  0.886344
5.031093180e-01  0.886297
5.032099399e-01  0.886244
5.033105819e-01  0.886188
5.034112440e-01  0.886130
5.035119262e-01  0.886074
5.036126286e-01  0.886025
5.037133511e-01  0.885985
5.038140938e-01  0.885959
5.039148566e-01  0.885949
5.040156396e-01  0.885959
5.041164427e-01  0.885986
5.042172660e-01  0.886032
5.043181095e-01  0.886094
5.044189731e-01  0.886170
5.045198569e-01  0.886255
5.046207609e-01  0.886346
5.047216850e-01  0.886438
5.048226293e-01  0.886528
5.049235939e-01  0.886612
5.050245786e-01  0.886688
5.051255835e-01  0.886754
5.052266086e-01  0.886812
5.053276539e-01  0.886861
5.054287195e-01  0.886906
5.055298052e-01  0.886948
5.056309112e-01  0.886992
5.057320374e-01  0.887040
5.058331838e-01  0.887094
5.059343504e-01  0.887157
5.060355373e-01  0.887228
5.061367444e-01  0.887306
5.062379717e-01  0.887388
5.063392193e-01  0.887472
5.064404872e-01  0.887555
5.065417753e-01  0.887636
5.066430836e-01  0.887715
5.067444122e-01  0.887794
5.068457611e-01  0.887874
5.069471303e-01  0.887956
5.070485197e-01  0.888042
5.071499294e-01  0.888131
5.072513594e-01  0.888224
5.073528097e-01  0.888320
5.074542802e-01  0.888420
5.075557711e-01  0.888522
5.076572822e-01  0.888628
5.077588137e-01  0.888738
5.078603654e-01  0.888852
5.079619375e-01  0.888970
5.080635299e-01  0.889091
5.081651426e-01  0.889214
5.082667756e-01  0.889337
5.083684290e-01  0.889460
5.084701027e-01  0.889581
5.085717967e-01  0.889701
5.086735111e-01  0.889818
5.087752458e-01  0.889933
5.088770008e-01  0.890046
5.089787762e-01  0.890156
5.090805720e-01  0.890264
5.091823881e-01  0.890369
5.092842246e-01  0.890473
5.093860814e-01  0.890576
5.094879586e-01  0.890678
5.095898562e-01  0.890779
5.096917742e-01  0.890881
5.097937125e-01  0.890982
5.098956713e-01  0.891082
5.099976504e-01  0.891181
5.100996499e-01  0.891278
5.102016699e-01  0.891373
5.103037102e-01  0.891465
5.104057710e-01  0.891556
5.105078521e-01  0.891644
5.106099537e-01  0.891730
5.107120757e-01  0.891813
5.108142181e-01  0.891894
5.109163809e-01  0.891972
5.110185642e-01  0.892048
5.111207679e-01  0.892121
5.112229921e-01  0.892193
5.113252367e-01  0.892262
5.114275017e-01  0.892330
5.115297872e-01  0.892395
5.116320932e-01  0.892459
5.117344196e-01  0.892520
5.118367665e-01  0.892578
5.119391338e-01  0.892634
5.120415217e-01  0.892689
5.121439300e-01  0.892741
5.122463587e-01  0.892791
5.123488080e-01  0.892840
5.124512778e-01  0.892888
5.125537680e-01  0.892934
5.126562788e-01  0.892979
5.127588100e-01  0.893022
5.128613618e-01  0.893064
5.129639341e-01  0.893105
5.130665269e-01  0.893144
5.131691402e-01  0.893182
5.132717740e-01  0.893220
5.133744284e-01  0.893256
5.134771032e-01  0.893292
5.135797987e-01  0.893327
5.136825146e-01  0.893361
5.137852511e-01  0.893395
5.138880082e-01  0.893428
5.139907858e-01  0.893461
5.140935839e-01  0.893493
5.141964027e-01  0.893526
5.142992419e-01  0.893558
5.144021018e-01  0.893591
5.145049822e-01  0.893623
5.146078832e-01  0.893655
5.147108048e-01  0.893688
5.148137469e-01  0.893721
5.149167097e-01  0.893753
5.150196930e-01  0.893787
5.151226970e-01  0.893820
5.152257215e-01  0.893854
5.153287666e-01  0.893889
5.154318324e-01  0.893923
5.155349188e-01  0.893959
5.156380258e-01  0.893994
5.157411534e-01  0.894030
5.158443016e-01  0.894066
5.159474704e-01  0.894103
5.160506599e-01  0.894139
5.161538701e-01  0.894176
5.162571008e-01  0.894214
5.163603523e-01  0.894252
5.164636243e-01  0.894290
5.165669171e-01  0.894328
5.166702304e-01  0.894366
5.167735645e-01  0.894405
5.168769192e-01  0.894444
5.169802946e-01  0.894483
5.170836906e-01  0.894522
5.171871074e-01  0.894561
5.172905448e-01  0.894601
5.173940029e-01  0.894640
5.174974817e-01  0.894680
5.176009812e-01  0.894719
5.177045014e-01  0.894758
5.178080423e-01  0.894797
5.179116039e-01  0.894836
5.180151862e-01  0.894875
5.181187893e-01  0.894913
5.182224130e-01  0.894951
5.183260575e-01  0.894989
5.184297227e-01  0.895026
5.185334087e-01  0.895063
5.186371154e-01  0.895100
5.187408428e-01  0.895136
5.188445909e-01  0.895171
5.189483599e-01  0.895206
5.190521495e-01  0.895240
5.191559600e-01  0.895274
5.192597912e-01  0.895307
5.193636431e-01  0.895339
5.194675158e-01  0.895370
5.195714093e-01  0.895400
5.196753236e-01  0.895429
5.197792587e-01  0.895458
5.198832145e-01  0.895485
5.199871912e-01  0.895511
5.200911886e-01  0.895536
5.201952069e-01  0.895560
5.202992459e-01  0.895583
5.204033058e-01  0.895604
5.205073864e-01  0.895625
5.206114879e-01  0.895644
5.207156102e-01  0.895662
5.208197533e-01  0.895678
5.209239173e-01  0.895693
5.210281020e-01  0.895707
5.211323077e-01  0.895719
5.212365341e-01  0.895729
5.213407814e-01  0.895738
5.214450496e-01  0.895746
5.215493386e-01  0.895752
5.216536485e-01  0.895757
5.217579792e-01  0.895760
5.218623308e-01  0.895762
5.219667033e-01  0.895763
5.220710966e-01  0.895761
5.221755108e-01  0.895759
5.222799459e-01  0.895755
5.223844019e-01  0.895749
5.224888788e-01  0.895742
5.225933766e-01  0.895733
5.226978952e-01  0.895723
5.228024348e-01  0.895711
5.229069953e-01  0.895697
5.230115767e-01  0.895682
5.231161790e-01  0.895665
5.232208023e-01  0.895646
5.233254464e-01  0.895626
5.234301115e-01  0.895604
5.235347975e-01  0.895580
5.236395045e-01  0.895555
5.237442324e-01  0.895528
5.238489812e-01  0.895500
5.239537510e-01  0.895470
5.240585418e-01  0.895440
5.241633535e-01  0.895409
5.242681862e-01  0.895378
5.243730398e-01  0.895347
5.244779144e-01  0.895315
5.245828100e-01  0.895283
5.246877266e-01  0.895252
5.247926641e-01  0.895220
5.248976226e-01  0.895187
5.250026022e-01  0.895155
5.251076027e-01  0.895122
5.252126242e-01  0.895089
5.253176667e-01  0.895055
5.254227303e-01  0.895021
5.255278148e-01  0.894987
5.256329204e-01  0.894951
5.257380470e-01  0.894915
5.258431946e-01  0.894878
5.259483632e-01  0.894839
5.260535529e-01  0.894798
5.261587636e-01  0.894756
5.262639953e-01  0.894713
5.263692481e-01  0.894669
5.264745220e-01  0.894623
5.265798169e-01  0.894578
5.266851329e-01  0.894532
5.267904699e-01  0.894486
5.268958280e-01  0.894441
5.270012071e-01  0.894396
5.271066074e-01  0.894353
5.272120287e-01  0.894310
5.273174711e-01  0.894267
5.274229346e-01  0.894226
5.275284192e-01  0.894184
5.276339249e-01  0.894143
5.277394517e-01  0.894101
5.278449995e-01  0.894060
5.279505685e-01  0.894018
5.280561587e-01  0.893977
5.281617699e-01  0.893935
5.282674022e-01  0.893894
5.283730557e-01  0.893852
5.284787303e-01  0.893812
5.285844261e-01  0.893772
5.286901430e-01  0.893732
5.287958810e-01  0.893694
5.289016402e-01  0.893656
5.290074205e-01  0.893620
5.291132220e-01  0.893584
5.292190446e-01  0.893550
5.293248884e-01  0.893517
5.294307534e-01  0.893485
5.295366396e-01  0.893454
5.296425469e-01  0.893424
5.297484754e-01  0.893396
5.298544251e-01  0.893369
5.299603960e-01  0.893343
5.300663881e-01  0.893318
5.301724013e-01  0.893295
5.302784358e-01  0.893273
5.303844915e-01  0.893254
5.304905684e-01  0.893235
5.305966665e-01  0.893219
5.307027859e-01  0.893205
5.308089264e-01  0.893193
5.309150882e-01  0.893183
5.310212712e-01  0.893175
5.311274755e-01  0.893169
5.312337010e-01  0.893165
5.313399477e-01  0.893163
5.314462157e-01  0.893163
5.315525049e-01  0.893165
5.316588154e-01  0.893169
5.317651472e-01  0.893175
5.318715002e-01  0.893183
5.319778745e-01  0.893194
5.320842701e-01  0.893207
5.321906870e-01  0.893222
5.322971251e-01  0.893240
5.324035845e-01  0.893260
5.325100652e-01  0.893283
5.326165673e-01  0.893309
5.327230906e-01  0.893337
5.328296352e-01  0.893369
5.329362011e-01  0.893403
5.330427884e-01  0.893440
5.331493969e-01  0.893480
5.332560268e-01  0.893524
5.333626780e-01  0.893570
5.334693505e-01  0.893620
5.335760444e-01  0.893673
5.336827596e-01  0.893730
5.337894962e-01  0.893789
5.338962541e-01  0.893852
5.340030333e-01  0.893918
5.341098339e-01  0.893987
5.342166559e-01  0.894059
5.343234992e-01  0.894133
5.344303639e-01  0.894210
5.345372500e-01  0.894288
5.346441574e-01  0.894368
5.347510863e-01  0.894450
5.348580365e-01  0.894532
5.349650081e-01  0.894616
5.350720011e-01  0.894699
5.351790155e-01  0.894784
5.352860513e-01  0.894868
5.353931085e-01  0.894952
5.355001871e-01  0.895036
5.356072872e-01  0.895119
5.357144086e-01  0.895202
5.358215515e-01  0.895284
5.359287158e-01  0.895366
5.360359016e-01  0.895446
5.361431087e-01  0.895525
5.362503374e-01  0.895604
5.363575874e-01  0.895681
5.364648589e-01  0.895756
5.365721519e-01  0.895831
5.366794663e-01  0.895904
5.367868022e-01  0.895976
5.368941596e-01  0.896046
5.370015384e-01  0.896114
5.371089387e-01  0.896181
5.372163605e-01  0.896245
5.373238038e-01  0.896308
5.374312686e-01  0.896369
5.375387548e-01  0.896428
5.376462626e-01  0.896484
5.377537918e-01  0.896539
5.378613426e-01  0.896591
5.379689148e-01  0.896641
5.380765086e-01  0.896689
5.381841239e-01  0.896734
5.382917608e-01  0.896777
5.383994191e-01  0.896818
5.385070990e-01  0.896857
5.386148004e-01  0.896893
5.387225234e-01  0.896927
5.388302679e-01  0.896958
5.389380339e-01  0.896988
5.390458215e-01  0.897015
5.391536307e-01  0.897040
5.392614614e-01  0.897062
5.393693137e-01  0.897081
5.394771876e-01  0.897098
5.395850830e-01  0.897111
5.396930000e-01  0.897122
5.398009386e-01  0.897130
5.399088988e-01  0.897136
5.400168806e-01  0.897138
5.401248840e-01  0.897138
5.402329090e-01  0.897134
5.403409555e-01  0.897127
5.404490237e-01  0.897117
5.405571135e-01  0.897104
5.406652250e-01  0.897087
5.407733580e-01  0.897070
5.408815127e-01  0.897052
5.409896890e-01  0.897035
5.410978869e-01  0.897020
5.412061065e-01  0.897008
5.413143477e-01  0.896999
5.414226106e-01  0.896994
5.415308951e-01  0.896991
5.416392013e-01  0.896991
5.417475291e-01  0.896993
5.418558786e-01  0.896996
5.419642498e-01  0.897001
5.420726427e-01  0.897008
5.421810572e-01  0.897016
5.422894934e-01  0.897025
5.423979513e-01  0.897035
5.425064309e-01  0.897045
5.426149322e-01  0.897053
5.427234552e-01  0.897059
5.428319998e-01  0.897062
5.429405662e-01  0.897061
5.430491544e-01  0.897055
5.431577642e-01  0.897047
5.432663957e-01  0.897036
5.433750490e-01  0.897025
5.434837240e-01  0.897015
5.435924208e-01  0.897008
5.437011393e-01  0.897006
5.438098795e-01  0.897008
5.439186415e-01  0.897015
5.440274252e-01  0.897026
5.441362307e-01  0.897039
5.442450579e-01  0.897052
5.443539069e-01  0.897066
5.444627777e-01  0.897078
5.445716703e-01  0.897088
5.446805846e-01  0.897097
5.447895207e-01  0.897105
5.448984786e-01  0.897112
5.450074583e-01  0.897119
5.451164598e-01  0.897125
5.452254831e-01  0.897132
5.453345282e-01  0.897138
5.454435951e-01  0.897143
5.455526838e-01  0.897148
5.456617944e-01  0.897153
5.457709267e-01  0.897159
5.458800809e-01  0.897166
5.459892569e-01  0.897175
5.460984548e-01  0.897189
5.462076745e-01  0.897206
5.463169160e-01  0.897228
5.464261794e-01  0.897254
5.465354646e-01  0.897284
5.466447717e-01  0.897316
5.467541007e-01  0.897351
5.468634515e-01  0.897387
5.469728242e-01  0.897424
5.470822187e-01  0.897461
5.471916352e-01  0.897496
5.473010735e-01  0.897531
5.474105337e-01  0.897563
5.475200158e-01  0.897595
5.476295198e-01  0.897625
5.477390457e-01  0.897654
5.478485936e-01  0.897683
5.479581633e-01  0.897712
5.480677549e-01  0.897741
5.481773685e-01  0.897770
5.482870039e-01  0.897799
5.483966613e-01  0.897828
5.485063407e-01  0.897857
5.486160419e-01  0.897886
5.487257651e-01  0.897914
5.488355103e-01  0.897941
5.489452774e-01  0.897967
5.490550665e-01  0.897992
5.491648775e-01  0.898018
5.492747104e-01  0.898042
5.493845654e-01  0.898067
5.494944423e-01  0.898091
5.496043412e-01  0.898116
5.497142621e-01  0.898141
5.498242049e-01  0.898167
5.499341697e-01  0.898193
5.500441566e-01  0.898219
5.501541654e-01  0.898246
5.502641962e-01  0.898272
5.503742491e-01  0.898297
5.504843239e-01  0.898322
5.505944208e-01  0.898346
5.507045397e-01  0.898369
5.508146806e-01  0.898391
5.509248435e-01  0.898412
5.510350285e-01  0.898433
5.511452355e-01  0.898453
5.512554645e-01  0.898474
5.513657156e-01  0.898495
5.514759888e-01  0.898515
5.515862840e-01  0.898536
5.516966012e-01  0.898556
5.518069406e-01  0.898575
5.519173019e-01  0.898594
5.520276854e-01  0.898612
5.521380909e-01  0.898629
5.522485186e-01  0.898645
5.523589683e-01  0.898660
5.524694401e-01  0.898674
5.525799339e-01  0.898687
5.526904499e-01  0.898700
5.528009880e-01  0.898711
5.529115482e-01  0.898723
5.530221305e-01  0.898733
5.531327350e-01  0.898743
5.532433615e-01  0.898752
5.533540102e-01  0.898761
5.534646810e-01  0.898768
5.535753739e-01  0.898775
5.536860890e-01  0.898781
5.537968262e-01  0.898786
5.539075856e-01  0.898791
5.540183671e-01  0.898794
5.541291708e-01  0.898796
5.542399966e-01  0.898798
5.543508446e-01  0.898798
5.544617148e-01  0.898798
5.545726071e-01  0.898797
5.546835216e-01  0.898794
5.547944583e-01  0.898791
5.549054172e-01  0.898786
5.550163983e-01  0.898781
5.551274016e-01  0.898774
5.552384271e-01  0.898766
5.553494748e-01  0.898756
5.554605447e-01  0.898746
5.555716368e-01  0.898734
5.556827511e-01  0.898720
5.557938876e-01  0.898706
5.559050464e-01  0.898690
5.560162274e-01  0.898672
5.561274307e-01  0.898654
5.562386562e-01  0.898633
5.563499039e-01  0.898611
5.564611739e-01  0.898588
5.565724661e-01  0.898563
5.566837806e-01  0.898536
5.567951174e-01  0.898508
5.569064764e-01  0.898478
5.570178577e-01  0.898446
5.571292612e-01  0.898413
5.572406871e-01  0.898378
5.573521352e-01  0.898342
5.574636057e-01  0.898305
5.575750984e-01  0.898266
5.576866134e-01  0.898226
5.577981507e-01  0.898184
5.579097104e-01  0.898141
5.580212923e-01  0.898097
5.581328966e-01  0.898051
5.582445231e-01  0.898004
5.583561720e-01  0.897956
5.584678433e-01  0.897906
5.585795368e-01  0.897855
5.586912527e-01  0.897803
5.588029910e-01  0.897750
5.589147516e-01  0.897696
5.590265345e-01  0.897641
5.591383399e-01  0.897585
5.592501675e-01  0.897528
5.593620176e-01  0.897471
5.594738900e-01  0.897412
5.595857847e-01  0.897353
5.596977019e-01  0.897293
5.598096414e-01  0.897233
5.599216034e-01  0.897172
5.600335877e-01  0.897111
5.601455944e-01  0.897049
5.602576235e-01  0.896987
5.603696750e-01  0.896924
5.604817490e-01  0.896861
5.605938453e-01  0.896797
5.607059641e-01  0.896734
5.608181053e-01  0.896670
5.609302689e-01  0.896606
5.610424550e-01  0.896543
5.611546635e-01  0.896480
5.612668944e-01  0.896417
5.613791478e-01  0.896354
5.614914236e-01  0.896292
5.616037219e-01  0.896230
5.617160426e-01  0.896168
5.618283858e-01  0.896107
5.619407515e-01  0.896046
5.620531397e-01  0.895985
5.621655503e-01  0.895925
5.622779834e-01  0.895866
5.623904390e-01  0.895807
5.625029171e-01  0.895749
5.626154177e-01  0.895691
5.627279408e-01  0.895635
5.628404863e-01  0.895579
5.629530544e-01  0.895524
5.630656450e-01  0.895470
5.631782582e-01  0.895417
5.632908938e-01  0.895364
5.634035520e-01  0.895311
5.635162327e-01  0.895259
5.636289360e-01  0.895208
5.637416618e-01  0.895156
5.638544101e-01  0.895105
5.639671810e-01  0.895054
5.640799744e-01  0.895004
5.641927904e-01  0.894954
5.643056290e-01  0.894905
5.644184901e-01  0.894856
5.645313738e-01  0.894808
5.646442801e-01  0.894760
5.647572089e-01  0.894712
5.648701604e-01  0.894664
5.649831344e-01  0.894616
5.650961310e-01  0.894568
5.652091502e-01  0.894520
5.653221921e-01  0.894472
5.654352565e-01  0.894424
5.655483436e-01  0.894376
5.656614532e-01  0.894327
5.657745855e-01  0.894277
5.658877404e-01  0.894227
5.660009180e-01  0.894176
5.661141182e-01  0.894124
5.662273410e-01  0.894071
5.663405865e-01  0.894018
5.664538546e-01  0.893963
5.665671453e-01  0.893907
5.666804588e-01  0.893851
5.667937949e-01  0.893792
5.669071536e-01  0.893733
5.670205351e-01  0.893671
5.671339392e-01  0.893607
5.672473659e-01  0.893540
5.673608154e-01  0.893469
5.674742876e-01  0.893395
5.675877824e-01  0.893315
5.677013000e-01  0.893231
5.678148403e-01  0.893140
5.679284032e-01  0.893043
5.680419889e-01  0.892939
5.681555973e-01  0.892829
5.682692284e-01  0.892714
5.683828823e-01  0.892596
5.684965588e-01  0.892475
5.686102582e-01  0.892355
5.687239802e-01  0.892238
5.688377250e-01  0.892127
5.689514926e-01  0.892022
5.690652829e-01  0.891925
5.691790959e-01  0.891837
5.692929317e-01  0.891756
5.694067903e-01  0.891680
5.695206717e-01  0.891608
5.696345758e-01  0.891539
5.697485027e-01  0.891473
5.698624524e-01  0.891409
5.699764249e-01  0.891350
5.700904202e-01  0.891295
5.702044383e-01  0.891245
5.703184792e-01  0.891198
5.704325429e-01  0.891154
5.705466294e-01  0.891107
5.706607387e-01  0.891056
5.707748708e-01  0.890997
5.708890258e-01  0.890930
5.710032036e-01  0.890852
5.711174043e-01  0.890765
5.712316277e-01  0.890669
5.713458741e-01  0.890566
5.714601432e-01  0.890457
5.715744353e-01  0.890344
5.716887502e-01  0.890230
5.718030879e-01  0.890116
5.719174485e-01  0.890006
5.720318320e-01  0.889901
5.721462384e-01  0.889803
5.722606676e-01  0.889712
5.723751198e-01  0.889630
5.724895948e-01  0.889554
5.726040927e-01  0.889484
5.727186135e-01  0.889418
5.728331573e-01  0.889356
5.729477239e-01  0.889296
5.730623134e-01  0.889237
5.731769259e-01  0.889180
5.732915613e-01  0.889124
5.734062196e-01  0.889069
5.735209008e-01  0.889015
5.736356050e-01  0.888962
5.737503321e-01  0.888909
5.738650822e-01  0.888859
5.739798552e-01  0.888811
5.740946512e-01  0.888767
5.742094701e-01  0.888727
5.743243120e-01  0.888693
5.744391769e-01  0.888665
5.745540647e-01  0.888645
5.746689755e-01  0.888631
5.747839093e-01  0.888625
5.748988661e-01  0.888625
5.750138459e-01  0.888630
5.751288486e-01  0.888638
5.752438744e-01  0.888650
5.753589232e-01  0.888664
5.754739950e-01  0.888680
5.755890898e-01  0.888699
5.757042076e-01  0.888721
5.758193484e-01  0.888748
5.759345123e-01  0.888778
5.760496992e-01  0.888812
5.761649091e-01  0.888851
5.762801421e-01  0.888893
5.763953982e-01  0.888938
5.765106772e-01  0.888986
5.766259794e-01  0.889036
5.767413046e-01  0.889089
5.768566528e-01  0.889144
5.769720242e-01  0.889203
5.770874186e-01  0.889267
5.772028360e-01  0.889336
5.773182766e-01  0.889412
5.774337403e-01  0.889495
5.775492270e-01  0.889586
5.776647369e-01  0.889682
5.777802698e-01  0.889784
5.778958259e-01  0.889889
5.780114050e-01  0.889993
5.781270073e-01  0.890095
5.782426327e-01  0.890193
5.783582812e-01  0.890286
5.784739529e-01  0.890377
5.785896477e-01  0.890469
5.787053656e-01  0.890569
5.788211067e-01  0.890686
5.789368709e-01  0.890828
5.790526583e-01  0.891002
5.791684688e-01  0.891211
5.792843025e-01  0.891455
5.794001594e-01  0.891727
5.795160394e-01  0.892021
5.796319426e-01  0.892327
5.797478690e-01  0.892637
5.798638186e-01  0.892943
5.799797913e-01  0.893244
5.800957873e-01  0.893536
5.802118064e-01  0.893822
5.803278488e-01  0.894102
5.804439144e-01  0.894379
5.805600032e-01  0.894654
5.806761152e-01  0.894926
5.807922504e-01  0.895197
5.809084088e-01  0.895466
5.810245905e-01  0.895730
5.811407954e-01  0.895991
5.812570236e-01  0.896246
5.813732750e-01  0.896495
5.814895497e-01  0.896739
5.816058476e-01  0.896976
5.817221687e-01  0.897207
5.818385132e-01  0.897433
5.819548809e-01  0.897652
5.820712718e-01  0.897865
5.821876861e-01  0.898072
5.823041236e-01  0.898273
5.824205845e-01  0.898468
5.825370686e-01  0.898656
5.826535760e-01  0.898839
5.827701067e-01  0.899016
5.828866607e-01  0.899188
5.830032381e-01  0.899355
5.831198387e-01  0.899517
5.832364627e-01  0.899675
5.833531100e-01  0.899829
5.834697806e-01  0.899978
5.835864745e-01  0.900123
5.837031918e-01  0.900265
5.838199325e-01  0.900403
5.839366965e-01  0.900537
5.840534838e-01  0.900668
5.841702945e-01  0.900795
5.842871286e-01  0.900918
5.844039860e-01  0.901039
5.845208668e-01  0.901156
5.846377710e-01  0.901270
5.847546985e-01  0.901381
5.848716495e-01  0.901489
5.849886238e-01  0.901593
5.851056215e-01  0.901695
5.852226426e-01  0.901793
5.853396872e-01  0.901888
5.854567551e-01  0.901979
5.855738464e-01  0.902065
5.856909612e-01  0.902146
5.858080994e-01  0.902223
5.859252610e-01  0.902295
5.860424461e-01  0.902363
5.861596546e-01  0.902426
5.862768865e-01  0.902487
5.863941419e-01  0.902543
5.865114207e-01  0.902595
5.866287230e-01  0.902642
5.867460487e-01  0.902684
5.868633979e-01  0.902717
5.869807706e-01  0.902742
5.870981668e-01  0.902755
5.872155864e-01  0.902755
5.873330295e-01  0.902740
5.874504961e-01  0.902706
5.875679862e-01  0.902651
5.876854998e-01  0.902573
5.878030369e-01  0.902471
5.879205975e-01  0.902343
5.880381817e-01  0.902192
5.881557893e-01  0.902022
5.882734205e-01  0.901838
5.883910751e-01  0.901649
5.885087534e-01  0.901463
5.886264551e-01  0.901289
5.887441804e-01  0.901136
5.888619292e-01  0.901009
5.889797016e-01  0.900911
5.890974976e-01  0.900843
5.892153171e-01  0.900798
5.893331601e-01  0.900774
5.894510268e-01  0.900763
5.895689170e-01  0.900764
5.896868307e-01  0.900776
5.898047681e-01  0.900805
5.899227291e-01  0.900856
5.900407136e-01  0.900936
5.901587217e-01  0.901048
5.902767535e-01  0.901189
5.903948088e-01  0.901349
5.905128878e-01  0.901513
5.906309904e-01  0.901666
5.907491166e-01  0.901791
5.908672664e-01  0.901879
5.909854399e-01  0.901924
5.911036369e-01  0.901924
5.912218577e-01  0.901881
5.913401020e-01  0.901801
5.914583701e-01  0.901689
5.915766617e-01  0.901553
5.916949771e-01  0.901404
5.918133161e-01  0.901256
5.919316787e-01  0.901125
5.920500651e-01  0.901029
5.921684751e-01  0.900980
5.922869088e-01  0.900989
5.924053662e-01  0.901055
5.925238472e-01  0.901171
5.926423520e-01  0.901324
5.927608805e-01  0.901496
5.928794326e-01  0.901666
5.929980085e-01  0.901816
5.931166081e-01  0.901933
5.932352315e-01  0.902006
5.933538785e-01  0.902026
5.934725493e-01  0.901988
5.935912438e-01  0.901891
5.937099620e-01  0.901734
5.938287040e-01  0.901522
5.939474698e-01  0.901268
5.940662593e-01  0.900989
5.941850725e-01  0.900709
5.943039095e-01  0.900453
5.944227703e-01  0.900244
5.945416549e-01  0.900100
5.946605632e-01  0.900030
5.947794953e-01  0.900035
5.948984512e-01  0.900104
5.950174309e-01  0.900222
5.951364344e-01  0.900368
5.952554617e-01  0.900523
5.953745128e-01  0.900667
5.954935877e-01  0.900787
5.956126864e-01  0.900879
5.957318089e-01  0.900940
5.958509553e-01  0.900974
5.959701255e-01  0.900987
5.960893195e-01  0.900981
5.962085374e-01  0.900958
5.963277791e-01  0.900919
5.964470446e-01  0.900863
5.965663340e-01  0.900793
5.966856473e-01  0.900715
5.968049844e-01  0.900634
5.969243454e-01  0.900561
5.970437303e-01  0.900502
5.971631390e-01  0.900461
5.972825717e-01  0.900438
5.974020282e-01  0.900429
5.975215086e-01  0.900433
5.976410129e-01  0.900444
5.977605411e-01  0.900460
5.978800932e-01  0.900479
5.979996692e-01  0.900499
5.981192692e-01  0.900518
5.982388930e-01  0.900533
5.983585408e-01  0.900540
5.984782125e-01  0.900540
5.985979081e-01  0.900530
5.987176277e-01  0.900512
5.988373712e-01  0.900491
5.989571387e-01  0.900469
5.990769301e-01  0.900453
5.991967455e-01  0.900444
5.993165849e-01  0.900443
5.994364482e-01  0.900451
5.995563355e-01  0.900466
5.996762468e-01  0.900485
5.997961820e-01  0.900506
5.999161412e-01  0.900529
6.000361245e-01  0.900552
6.001561317e-01  0.900575
6.002761629e-01  0.900599
6.003962182e-01  0.900625
6.005162974e-01  0.900651
6.006364007e-01  0.900678
6.007565279e-01  0.900704
6.008766792e-01  0.900730
6.009968546e-01  0.900754
6.011170539e-01  0.900776
6.012372774e-01  0.900798
6.013575248e-01  0.900819
6.014777963e-01  0.900841
6.015980919e-01  0.900864
6.017184115e-01  0.900891
6.018387552e-01  0.900922
6.019591229e-01  0.900956
6.020795148e-01  0.900993
6.021999307e-01  0.901034
6.023203706e-01  0.901076
6.024408347e-01  0.901121
6.025613229e-01  0.901167
6.026818352e-01  0.901215
6.028023715e-01  0.901265
6.029229320e-01  0.901318
6.030435166e-01  0.901373
6.031641253e-01  0.901431
6.032847581e-01  0.901491
6.034054151e-01  0.901554
6.035260961e-01  0.901620
6.036468014e-01  0.901687
6.037675307e-01  0.901756
6.038882842e-01  0.901827
6.040090619e-01  0.901900
6.041298637e-01  0.901975
6.042506897e-01  0.902051
6.043715398e-01  0.902130
6.044924141e-01  0.902210
6.046133126e-01  0.902293
6.047342353e-01  0.902379
6.048551821e-01  0.902467
6.049761531e-01  0.902557
6.050971484e-01  0.902649
6.052181678e-01  0.902744
6.053392114e-01  0.902840
6.054602793e-01  0.902938
6.055813713e-01  0.903038
6.057024876e-01  0.903140
6.058236281e-01  0.903243
6.059447928e-01  0.903347
6.060659818e-01  0.903453
6.061871950e-01  0.903560
6.063084324e-01  0.903669
6.064296941e-01  0.903779
6.065509801e-01  0.903890
6.066722902e-01  0.904003
6.067936247e-01  0.904118
6.069149834e-01  0.904233
6.070363664e-01  0.904351
6.071577737e-01  0.904469
6.072792053e-01  0.904590
6.074006611e-01  0.904711
6.075221412e-01  0.904833
6.076436457e-01  0.904957
6.077651744e-01  0.905081
6.078867274e-01  0.905206
6.080083048e-01  0.905332
6.081299064e-01  0.905458
6.082515324e-01  0.905585
6.083731827e-01  0.905712
6.084948574e-01  0.905839
6.086165563e-01  0.905967
6.087382796e-01  0.906095
6.088600273e-01  0.906224
6.089817993e-01  0.906353
6.091035957e-01  0.906482
6.092254164e-01  0.906612
6.093472615e-01  0.906742
6.094691309e-01  0.906873
6.095910247e-01  0.907004
6.097129429e-01  0.907136
6.098348855e-01  0.907267
6.099568525e-01  0.907399
6.100788439e-01  0.907531
6.102008596e-01  0.907663
6.103228998e-01  0.907795
6.104449644e-01  0.907927
6.105670534e-01  0.908058
6.106891668e-01  0.908189
6.108113046e-01  0.908320
6.109334669e-01  0.908450
6.110556536e-01  0.908580
6.111778647e-01  0.908709
6.113001003e-01  0.908837
6.114223603e-01  0.908966
6.115446448e-01  0.909093
6.116669537e-01  0.909220
6.117892871e-01  0.909347
6.119116450e-01  0.909473
6.120340273e-01  0.909598
6.121564341e-01  0.909723
6.122788654e-01  0.909848
6.124013212e-01  0.909972
6.125238014e-01  0.910095
6.126463062e-01  0.910218
6.127688354e-01  0.910340
6.128913892e-01  0.910461
6.130139675e-01  0.910582
6.131365703e-01  0.910702
6.132591976e-01  0.910822
6.133818494e-01  0.910941
6.135045258e-01  0.911059
6.136272267e-01  0.911177
6.137499522e-01  0.911293
6.138727021e-01  0.911409
6.139954767e-01  0.911524
6.141182758e-01  0.911638
6.142410994e-01  0.911751
6.143639477e-01  0.911862
6.144868204e-01  0.911973
6.146097178e-01  0.912083
6.147326398e-01  0.912191
6.148555863e-01  0.912299
6.149785574e-01  0.912406
6.151015531e-01  0.912512
6.152245734e-01  0.912617
6.153476183e-01  0.912721
6.154706879e-01  0.912824
6.155937820e-01  0.912927
6.157169008e-01  0.913029
6.158400441e-01  0.913130
6.159632121e-01  0.913230
6.160864048e-01  0.913329
6.162096221e-01  0.913427
6.163328640e-01  0.913524
6.164561306e-01  0.913620
6.165794218e-01  0.913715
6.167027377e-01  0.913809
6.168260782e-01  0.913901
6.169494434e-01  0.913993
6.170728333e-01  0.914083
6.171962479e-01  0.914171
6.173196871e-01  0.914259
6.174431511e-01  0.914345
6.175666397e-01  0.914430
6.176901530e-01  0.914514
6.178136911e-01  0.914596
6.179372538e-01  0.914678
6.180608413e-01  0.914758
6.181844534e-01  0.914837
6.183080903e-01  0.914915
6.184317519e-01  0.914992
6.185554383e-01  0.915068
6.186791494e-01  0.915143
6.188028852e-01  0.915216
6.189266458e-01  0.915288
6.190504311e-01  0.915358
6.191742412e-01  0.915427
6.192980760e-01  0.915495
6.194219357e-01  0.915561
6.195458200e-01  0.915626
6.196697292e-01  0.915689
6.197936632e-01  0.915751
6.199176219e-01  0.915812
6.200416054e-01  0.915871
6.201656137e-01  0.915929
6.202896469e-01  0.915986
6.204137048e-01  0.916042
6.205377875e-01  0.916096
6.206618951e-01  0.916149
6.207860275e-01  0.916201
6.209101847e-01  0.916252
6.210343667e-01  0.916301
6.211585736e-01  0.916350
6.212828053e-01  0.916397
6.214070619e-01  0.916442
6.215313433e-01  0.916487
6.216556495e-01  0.916530
6.217799807e-01  0.916573
6.219043367e-01  0.916614
6.220287175e-01  0.916654
6.221531233e-01  0.916693
6.222775539e-01  0.916731
6.224020094e-01  0.916768
6.225264898e-01  0.916804
6.226509951e-01  0.916839
6.227755253e-01  0.916872
6.229000804e-01  0.916905
6.230246604e-01  0.916936
6.231492654e-01  0.916966
6.232738952e-01  0.916994
6.233985500e-01  0.917022
6.235232297e-01  0.917048
6.236479343e-01  0.917074
6.237726639e-01  0.917099
6.238974185e-01  0.917123
6.240221980e-01  0.917147
6.241470024e-01  0.917170
6.242718318e-01  0.917193
6.243966862e-01  0.917216
6.245215655e-01  0.917238
6.246464698e-01  0.917261
6.247713991e-01  0.917284
6.248963534e-01  0.917307
6.250213327e-01  0.917329
6.251463369e-01  0.917352
6.252713662e-01  0.917374
6.253964205e-01  0.917395
6.255214997e-01  0.917415
6.256466040e-01  0.917433
6.257717334e-01  0.917448
6.258968877e-01  0.917458
6.260220671e-01  0.917459
6.261472715e-01  0.917442
6.262725010e-01  0.917390
6.263977555e-01  0.917278
6.265230350e-01  0.917063
6.266483396e-01  0.916683
6.267736693e-01  0.916061
6.268990240e-01  0.915106
6.270244038e-01  0.913732
6.271498087e-01  0.911883
6.272752387e-01  0.909554
6.274006937e-01  0.906827
6.275261739e-01  0.903872
6.276516791e-01  0.900943
6.277772094e-01  0.898338
6.279027649e-01  0.896346
6.280283454e-01  0.895180
6.281539511e-01  0.894932
6.282795819e-01  0.895550
6.284052378e-01  0.896849
6.285309188e-01  0.898565
6.286566250e-01  0.900406
6.287823563e-01  0.902118
6.289081128e-01  0.903530
6.290338944e-01  0.904564
6.291597012e-01  0.905235
6.292855332e-01  0.905621
6.294113903e-01  0.905830
6.295372725e-01  0.905976
6.296631800e-01  0.906149
6.297891126e-01  0.906409
6.299150705e-01  0.906787
6.300410535e-01  0.907286
6.301670617e-01  0.907892
6.302930951e-01  0.908583
6.304191537e-01  0.909333
6.305452375e-01  0.910121
6.306713466e-01  0.910928
6.307974809e-01  0.911740
6.309236404e-01  0.912547
6.310498251e-01  0.913340
6.311760351e-01  0.914111
6.313022703e-01  0.914852
6.314285307e-01  0.915554
6.315548164e-01  0.916211
6.316811274e-01  0.916821
6.318074636e-01  0.917383
6.319338251e-01  0.917901
6.320602119e-01  0.918378
6.321866239e-01  0.918823
6.323130612e-01  0.919240
6.324395238e-01  0.919635
6.325660117e-01  0.920011
6.326925250e-01  0.920368
6.328190635e-01  0.920706
6.329456273e-01  0.921026
6.330722164e-01  0.921327
6.331988308e-01  0.921609
6.333254706e-01  0.921875
6.334521357e-01  0.922126
6.335788261e-01  0.922364
6.337055419e-01  0.922590
6.338322830e-01  0.922807
6.339590495e-01  0.923016
6.340858413e-01  0.923218
6.342126584e-01  0.923415
6.343395010e-01  0.923611
6.344663689e-01  0.923805
6.345932621e-01  0.924001
6.347201808e-01  0.924198
6.348471248e-01  0.924398
6.349740943e-01  0.924599
6.351010891e-01  0.924801
6.352281093e-01  0.925003
6.353551549e-01  0.925202
6.354822259e-01  0.925398
6.356093224e-01  0.925591
6.357364443e-01  0.925779
6.358635915e-01  0.925964
6.359907643e-01  0.926146
6.361179624e-01  0.926325
6.362451860e-01  0.926503
6.363724350e-01  0.926679
6.364997095e-01  0.926853
6.366270095e-01  0.927025
6.367543349e-01  0.927195
6.368816857e-01  0.927362
6.370090621e-01  0.927528
6.371364639e-01  0.927694
6.372638912e-01  0.927860
6.373913440e-01  0.928027
6.375188222e-01  0.928194
6.376463260e-01  0.928362
6.377738553e-01  0.928530
6.379014100e-01  0.928696
6.380289903e-01  0.928859
6.381565961e-01  0.929020
6.382842274e-01  0.929179
6.384118843e-01  0.929335
6.385395667e-01  0.929489
6.386672746e-01  0.929642
6.387950080e-01  0.929793
6.389227670e-01  0.929943
6.390505516e-01  0.930093
6.391783617e-01  0.930242
6.393061974e-01  0.930390
6.394340586e-01  0.930538
6.395619454e-01  0.930685
6.396898578e-01  0.930831
6.398177958e-01  0.930976
6.399457593e-01  0.931120
6.400737485e-01  0.931263
6.402017632e-01  0.931404
6.403298036e-01  0.931544
6.404578695e-01  0.931682
6.405859611e-01  0.931819
6.407140783e-01  0.931954
6.408422211e-01  0.932089
6.409703896e-01  0.932222
6.410985836e-01  0.932354
6.412268034e-01  0.932486
6.413550487e-01  0.932616
6.414833197e-01  0.932745
6.416116164e-01  0.932872
6.417399387e-01  0.932997
6.418682867e-01  0.933120
6.419966604e-01  0.933241
6.421250597e-01  0.933360
6.422534847e-01  0.933475
6.423819354e-01  0.933589
6.425104118e-01  0.933699
6.426389139e-01  0.933807
6.427674417e-01  0.933913
6.428959951e-01  0.934017
6.430245743e-01  0.934120
6.431531793e-01  0.934221
6.432818099e-01  0.934322
6.434104663e-01  0.934423
6.435391484e-01  0.934523
6.436678562e-01  0.934622
6.437965898e-01  0.934719
6.439253491e-01  0.934814
6.440541341e-01  0.934906
6.441829450e-01  0.934996
6.443117816e-01  0.935082
6.444406439e-01  0.935165
6.445695320e-01  0.935246
6.446984459e-01  0.935322
6.448273856e-01  0.935394
6.449563511e-01  0.935461
6.450853424e-01  0.935520
6.452143595e-01  0.935570
6.453434023e-01  0.935610
6.454724710e-01  0.935641
6.456015655e-01  0.935661
6.457306858e-01  0.935671
6.458598320e-01  0.935674
6.459890039e-01  0.935669
6.461182017e-01  0.935657
6.462474254e-01  0.935638
6.463766748e-01  0.935610
6.465059502e-01  0.935570
6.466352514e-01  0.935514
6.467645784e-01  0.935441
6.468939313e-01  0.935349
6.470233101e-01  0.935238
6.471527148e-01  0.935115
6.472821453e-01  0.934987
6.474116018e-01  0.934866
6.475410841e-01  0.934767
6.476705923e-01  0.934700
6.478001264e-01  0.934675
6.479296864e-01  0.934696
6.480592724e-01  0.934763
6.481888842e-01  0.934870
6.483185220e-01  0.935008
6.484481857e-01  0.935168
6.485778753e-01  0.935340
6.487075909e-01  0.935517
6.488373324e-01  0.935694
6.489670999e-01  0.935871
6.490968933e-01  0.936050
6.492267127e-01  0.936235
6.493565580e-01  0.936433
6.494864294e-01  0.936649
6.496163266e-01  0.936886
6.497462499e-01  0.937141
6.498761992e-01  0.937407
6.500061744e-01  0.937671
6.501361756e-01  0.937918
6.502662029e-01  0.938134
6.503962561e-01  0.938305
6.505263354e-01  0.938421
6.506564406e-01  0.938473
6.507865719e-01  0.938460
6.509167292e-01  0.938384
6.510469126e-01  0.938253
6.511771220e-01  0.938084
6.513073574e-01  0.937899
6.514376189e-01  0.937727
6.515679064e-01  0.937599
6.516982200e-01  0.937540
6.518285596e-01  0.937569
6.519589253e-01  0.937690
6.520893171e-01  0.937896
6.522197350e-01  0.938165
6.523501789e-01  0.938470
6.524806489e-01  0.938784
6.526111451e-01  0.939080
6.527416673e-01  0.939342
6.528722156e-01  0.939560
6.530027901e-01  0.939736
6.531333906e-01  0.939875
6.532640173e-01  0.939986
6.533946701e-01  0.940080
6.535253491e-01  0.940162
6.536560541e-01  0.940236
6.537867853e-01  0.940301
6.539175427e-01  0.940353
6.540483262e-01  0.940389
6.541791359e-01  0.940408
6.543099717e-01  0.940412
6.544408337e-01  0.940406
6.545717219e-01  0.940400
6.547026362e-01  0.940401
6.548335767e-01  0.940417
6.549645434e-01  0.940452
6.550955364e-01  0.940509
6.552265555e-01  0.940588
6.553576008e-01  0.940689
6.554886723e-01  0.940807
6.556197700e-01  0.940939
6.557508940e-01  0.941080
6.558820442e-01  0.941226
6.560132206e-01  0.941372
6.561444232e-01  0.941515
6.562756521e-01  0.941651
6.564069072e-01  0.941781
6.565381886e-01  0.941903
6.566694962e-01  0.942016
6.568008301e-01  0.942121
6.569321903e-01  0.942220
6.570635767e-01  0.942313
6.571949895e-01  0.942404
6.573264285e-01  0.942498
6.574578937e-01  0.942598
6.575893853e-01  0.942708
6.577209032e-01  0.942826
6.578524474e-01  0.942953
6.579840179e-01  0.943084
6.581156147e-01  0.943216
6.582472378e-01  0.943346
6.583788872e-01  0.943473
6.585105630e-01  0.943596
6.586422651e-01  0.943717
6.587739936e-01  0.943837
6.589057484e-01  0.943956
6.590375295e-01  0.944074
6.591693370e-01  0.944191
6.593011709e-01  0.944303
6.594330311e-01  0.944410
6.595649178e-01  0.944511
6.596968307e-01  0.944606
6.598287701e-01  0.944698
6.599607359e-01  0.944786
6.600927280e-01  0.944875
6.602247465e-01  0.944965
6.603567915e-01  0.945057
6.604888629e-01  0.945150
6.606209606e-01  0.945245
6.607530848e-01  0.945339
6.608852354e-01  0.945433
6.610174125e-01  0.945524
6.611496160e-01  0.945612
6.612818459e-01  0.945698
6.614141023e-01  0.945783
6.615463851e-01  0.945865
6.616786944e-01  0.945946
6.618110301e-01  0.946026
6.619433923e-01  0.946105
6.620757810e-01  0.946181
6.622081961e-01  0.946257
6.623406378e-01  0.946330
6.624731059e-01  0.946403
6.626056005e-01  0.946474
6.627381216e-01  0.946546
6.628706693e-01  0.946618
6.630032434e-01  0.946691
6.631358441e-01  0.946765
6.632684712e-01  0.946840
6.634011249e-01  0.946916
6.635338051e-01  0.946993
6.636665119e-01  0.947070
6.637992452e-01  0.947147
6.639320051e-01  0.947223
6.640647915e-01  0.947299
6.641976044e-01  0.947375
6.643304439e-01  0.947452
6.644633100e-01  0.947531
6.645962027e-01  0.947610
6.647291219e-01  0.947691
6.648620677e-01  0.947774
6.649950402e-01  0.947857
6.651280392e-01  0.947941
6.652610648e-01  0.948025
6.653941170e-01  0.948109
6.655271958e-01  0.948193
6.656603013e-01  0.948276
6.657934333e-01  0.948359
6.659265920e-01  0.948441
6.660597773e-01  0.948523
6.661929893e-01  0.948605
6.663262279e-01  0.948687
6.664594931e-01  0.948769
6.665927850e-01  0.948852
6.667261036e-01  0.948935
6.668594488e-01  0.949018
6.669928207e-01  0.949101
6.671262192e-01  0.949184
6.672596445e-01  0.949266
6.673930964e-01  0.949349
6.675265750e-01  0.949431
6.676600804e-01  0.949513
6.677936124e-01  0.949594
6.679271711e-01  0.949675
6.680607565e-01  0.949756
6.681943687e-01  0.949836
6.683280076e-01  0.949916
6.684616732e-01  0.949995
6.685953655e-01  0.950075
6.687290846e-01  0.950155
6.688628304e-01  0.950235
6.689966029e-01  0.950314
6.691304023e-01  0.950394
6.692642283e-01  0.950474
6.693980812e-01  0.950553
6.695319608e-01  0.950633
6.696658672e-01  0.950711
6.697998004e-01  0.950790
6.699337603e-01  0.950868
6.700677471e-01  0.950946
6.702017606e-01  0.951024
6.703358010e-01  0.951102
6.704698681e-01  0.951179
6.706039621e-01  0.951255
6.707380829e-01  0.951332
6.708722305e-01  0.951407
6.710064050e-01  0.951483
6.711406063e-01  0.951557
6.712748344e-01  0.951632
6.714090893e-01  0.951706
6.715433712e-01  0.951780
6.716776798e-01  0.951853
6.718120154e-01  0.951927
6.719463778e-01  0.952000
6.720807671e-01  0.952073
6.722151832e-01  0.952146
6.723496262e-01  0.952219
6.724840962e-01  0.952292
6.726185930e-01  0.952364
6.727531167e-01  0.952437
6.728876673e-01  0.952509
6.730222449e-01  0.952581
6.731568493e-01  0.952652
6.732914807e-01  0.952723
6.734261390e-01  0.952794
6.735608242e-01  0.952865
6.736955364e-01  0.952935
6.738302755e-01  0.953005
6.739650415e-01  0.953075
6.740998345e-01  0.953144
6.742346545e-01  0.953214
6.743695014e-01  0.953283
6.745043753e-01  0.953352
6.746392762e-01  0.953420
6.747742041e-01  0.953489
6.749091589e-01  0.953557
6.750441407e-01  0.953625
6.751791496e-01  0.953693
6.753141854e-01  0.953760
6.754492482e-01  0.953828
6.755843381e-01  0.953895
6.757194550e-01  0.953962
6.758545988e-01  0.954029
6.759897698e-01  0.954096
6.761249677e-01  0.954162
6.762601927e-01  0.954229
6.763954447e-01  0.954296
6.765307238e-01  0.954362
6.766660300e-01  0.954428
6.768013632e-01  0.954494
6.769367235e-01  0.954560
6.770721108e-01  0.954626
6.772075252e-01  0.954692
6.773429667e-01  0.954757
6.774784353e-01  0.954821
6.776139310e-01  0.954886
6.777494538e-01  0.954950
6.778850037e-01  0.955014
6.780205807e-01  0.955077
6.781561848e-01  0.955140
6.782918160e-01  0.955202
6.784274744e-01  0.955264
6.785631599e-01  0.955326
6.786988725e-01  0.955387
6.788346123e-01  0.955448
6.789703792e-01  0.955508
6.791061733e-01  0.955567
6.792419945e-01  0.955626
6.793778429e-01  0.955684
6.795137185e-01  0.955741
6.796496213e-01  0.955797
6.797855512e-01  0.955852
6.799215083e-01  0.955906
6.800574926e-01  0.955960
6.801935041e-01  0.956013
6.803295428e-01  0.956065
6.804656087e-01  0.956117
6.806017018e-01  0.956169
6.807378222e-01  0.956220
6.808739697e-01  0.956270
6.810101445e-01  0.956319
6.811463465e-01  0.956368
6.812825758e-01  0.956416
6.814188323e-01  0.956463
6.815551161e-01  0.956509
6.816914271e-01  0.956554
6.818277654e-01  0.956599
6.819641310e-01  0.956644
6.821005238e-01  0.956688
6.822369439e-01  0.956732
6.823733913e-01  0.956776
6.825098660e-01  0.956821
6.826463679e-01  0.956866
6.827828972e-01  0.956912
6.829194538e-01  0.956958
6.830560377e-01  0.957004
6.831926489e-01  0.957050
6.833292874e-01  0.957095
6.834659533e-01  0.957139
6.836026465e-01  0.957182
6.837393670e-01  0.957224
6.838761149e-01  0.957266
6.840128901e-01  0.957308
6.841496927e-01  0.957350
6.842865226e-01  0.957393
6.844233799e-01  0.957435
6.845602646e-01  0.957474
6.846971766e-01  0.957503
6.848341161e-01  0.957506
6.849710829e-01  0.957453
6.851080771e-01  0.957288
6.852450987e-01  0.956910
6.853821477e-01  0.956152
6.855192242e-01  0.954757
6.856563280e-01  0.952363
6.857934593e-01  0.948504
6.859306180e-01  0.942648
6.860678041e-01  0.934278
6.862050177e-01  0.923014
6.863422587e-01  0.908758
6.864795271e-01  0.891826
6.866168230e-01  0.873020
6.867541464e-01  0.853594
6.868914972e-01  0.835111
6.870288755e-01  0.819205
6.871662813e-01  0.807294
6.873037145e-01  0.800333
6.874411753e-01  0.798650
6.875786635e-01  0.801903
6.877161793e-01  0.809172
6.878537225e-01  0.819137
6.879912932e-01  0.830312
6.881288915e-01  0.841280
6.882665173e-01  0.850892
6.884041706e-01  0.858401
6.885418514e-01  0.863512
6.886795598e-01  0.866358
6.888172957e-01  0.867401
6.889550592e-01  0.867292
6.890928502e-01  0.866721
6.892306687e-01  0.866285
6.893685149e-01  0.866409
6.895063886e-01  0.867311
6.896442899e-01  0.869023
6.897822187e-01  0.871446
6.899201752e-01  0.874413
6.900581592e-01  0.877744
6.901961708e-01  0.881289
6.903342101e-01  0.884944
6.904722769e-01  0.888654
6.906103714e-01  0.892398
6.907484934e-01  0.896174
6.908866431e-01  0.899986
6.910248205e-01  0.903829
6.911630254e-01  0.907681
6.913012580e-01  0.911502
6.914395183e-01  0.915237
6.915778062e-01  0.918825
6.917161217e-01  0.922210
6.918544650e-01  0.925348
6.919928359e-01  0.928219
6.921312344e-01  0.930825
6.922696607e-01  0.933187
6.924081146e-01  0.935334
6.925465962e-01  0.937297
6.926851055e-01  0.939103
6.928236426e-01  0.940765
6.929622073e-01  0.942291
6.931007997e-01  0.943682
6.932394199e-01  0.944933
6.933780678e-01  0.946041
6.935167434e-01  0.947007
6.936554467e-01  0.947836
6.937941778e-01  0.948545
6.939329367e-01  0.949157
6.940717233e-01  0.949705
6.942105376e-01  0.950222
6.943493797e-01  0.950740
6.944882496e-01  0.951277
6.946271472e-01  0.951840
6.947660727e-01  0.952418
6.949050259e-01  0.952991
6.950440069e-01  0.953531
6.951830157e-01  0.954015
6.953220523e-01  0.954430
6.954611167e-01  0.954780
6.956002089e-01  0.955089
6.957393290e-01  0.955391
6.958784768e-01  0.955729
6.960176525e-01  0.956137
6.961568561e-01  0.956636
6.962960874e-01  0.957225
6.964353466e-01  0.957882
6.965746337e-01  0.958571
6.967139486e-01  0.959247
6.968532914e-01  0.959869
6.969926621e-01  0.960405
6.971320606e-01  0.960834
6.972714870e-01  0.961150
6.974109413e-01  0.961356
6.975504235e-01  0.961458
6.976899336e-01  0.961466
6.978294716e-01  0.961386
6.979690375e-01  0.961226
6.981086313e-01  0.960993
6.982482530e-01  0.960696
6.983879027e-01  0.960352
6.985275802e-01  0.959984
6.986672858e-01  0.959620
6.988070192e-01  0.959292
6.989467806e-01  0.959026
6.990865700e-01  0.958842
6.992263873e-01  0.958751
6.993662326e-01  0.958747
6.995061058e-01  0.958816
6.996460070e-01  0.958938
6.997859362e-01  0.959089
6.999258934e-01  0.959249
7.000658786e-01  0.959404
7.002058918e-01  0.959548
7.003459330e-01  0.959679
7.004860021e-01  0.959801
7.006260993e-01  0.959917
7.007662246e-01  0.960028
7.009063778e-01  0.960133
7.010465591e-01  0.960226
7.011867684e-01  0.960301
7.013270058e-01  0.960356
7.014672712e-01  0.960388
7.016075646e-01  0.960402
7.017478861e-01  0.960403
7.018882357e-01  0.960399
7.020286133e-01  0.960400
7.021690191e-01  0.960417
7.023094529e-01  0.960459
7.024499148e-01  0.960540
7.025904047e-01  0.960670
7.027309228e-01  0.960856
7.028714690e-01  0.961094
7.030120433e-01  0.961372
7.031526457e-01  0.961669
7.032932762e-01  0.961955
7.034339349e-01  0.962208
7.035746217e-01  0.962412
7.037153366e-01  0.962564
7.038560797e-01  0.962674
7.039968509e-01  0.962756
7.041376503e-01  0.962828
7.042784778e-01  0.962900
7.044193335e-01  0.962974
7.045602174e-01  0.963046
7.047011294e-01  0.963109
7.048420696e-01  0.963158
7.049830380e-01  0.963193
7.051240346e-01  0.963221
7.052650595e-01  0.963251
7.054061125e-01  0.963295
7.055471937e-01  0.963359
7.056883031e-01  0.963447
7.058294408e-01  0.963554
7.059706067e-01  0.963675
7.061118008e-01  0.963803
7.062530232e-01  0.963933
7.063942738e-01  0.964059
7.065355526e-01  0.964180
7.066768597e-01  0.964296
7.068181951e-01  0.964404
7.069595587e-01  0.964504
7.071009506e-01  0.964593
7.072423708e-01  0.964670
7.073838193e-01  0.964736
7.075252961e-01  0.964794
7.076668011e-01  0.964848
7.078083345e-01  0.964904
7.079498962e-01  0.964968
7.080914861e-01  0.965042
7.082331044e-01  0.965125
7.083747511e-01  0.965214
7.085164260e-01  0.965304
7.086581293e-01  0.965390
7.087998609e-01  0.965468
7.089416209e-01  0.965537
7.090834092e-01  0.965594
7.092252259e-01  0.965643
7.093670709e-01  0.965683
7.095089444e-01  0.965716
7.096508461e-01  0.965745
7.097927763e-01  0.965771
7.099347349e-01  0.965797
7.100767218e-01  0.965825
7.102187372e-01  0.965858
7.103607809e-01  0.965898
7.105028531e-01  0.965946
7.106449536e-01  0.966001
7.107870826e-01  0.966064
7.109292400e-01  0.966131
7.110714259e-01  0.966201
7.112136402e-01  0.966270
7.113558829e-01  0.966335
7.114981541e-01  0.966394
7.116404537e-01  0.966444
7.117827818e-01  0.966487
7.119251384e-01  0.966521
7.120675234e-01  0.966547
7.122099369e-01  0.966565
7.123523789e-01  0.966577
7.124948494e-01  0.966582
7.126373483e-01  0.966582
7.127798758e-01  0.966577
7.129224318e-01  0.966569
7.130650163e-01  0.966559
7.132076293e-01  0.966549
7.133502708e-01  0.966537
7.134929408e-01  0.966524
7.136356394e-01  0.966507
7.137783666e-01  0.966482
7.139211222e-01  0.966447
7.140639065e-01  0.966400
7.142067192e-01  0.966341
7.143495606e-01  0.966269
7.144924305e-01  0.966188
7.146353290e-01  0.966101
7.147782560e-01  0.966013
7.149212117e-01  0.965924
7.150641959e-01  0.965834
7.152072088e-01  0.965735
7.153502502e-01  0.965611
7.154933203e-01  0.965438
7.156364189e-01  0.965184
7.157795462e-01  0.964810
7.159227021e-01  0.964276
7.160658867e-01  0.963542
7.162090998e-01  0.962578
7.163523417e-01  0.961370
7.164956121e-01  0.959922
7.166389113e-01  0.958257
7.167822390e-01  0.956421
7.169255955e-01  0.954470
7.170689806e-01  0.952463
7.172123944e-01  0.950452
7.173558369e-01  0.948470
7.174993080e-01  0.946528
7.176428079e-01  0.944614
7.177863365e-01  0.942702
7.179298937e-01  0.940772
7.180734797e-01  0.938825
7.182170944e-01  0.936900
7.183607378e-01  0.935077
7.185044100e-01  0.933465
7.186481109e-01  0.932181
7.187918405e-01  0.931321
7.189355988e-01  0.930927
7.190793860e-01  0.930983
7.192232018e-01  0.931411
7.193670465e-01  0.932090
7.195109199e-01  0.932887
7.196548221e-01  0.933689
7.197987530e-01  0.934433
7.199427128e-01  0.935120
7.200867013e-01  0.935822
7.202307187e-01  0.936661
7.203747648e-01  0.937778
7.205188398e-01  0.939291
7.206629435e-01  0.941262
7.208070761e-01  0.943671
7.209512375e-01  0.946412
7.210954278e-01  0.949319
7.212396469e-01  0.952194
7.213838948e-01  0.954848
7.215281716e-01  0.957131
7.216724772e-01  0.958947
7.218168117e-01  0.960258
7.219611751e-01  0.961064
7.221055673e-01  0.961391
7.222499884e-01  0.961271
7.223944384e-01  0.960728
7.225389173e-01  0.959782
7.226834251e-01  0.958447
7.228279618e-01  0.956756
7.229725274e-01  0.954764
7.231171219e-01  0.952566
7.232617453e-01  0.950290
7.234063977e-01  0.948090
7.235510789e-01  0.946118
7.236957891e-01  0.944507
7.238405283e-01  0.943344
7.239852964e-01  0.942668
7.241300935e-01  0.942462
7.242749195e-01  0.942668
7.244197745e-01  0.943195
7.245646584e-01  0.943935
7.247095714e-01  0.944783
7.248545133e-01  0.945647
7.249994842e-01  0.946464
7.251444841e-01  0.947204
7.252895130e-01  0.947867
7.254345709e-01  0.948468
7.255796578e-01  0.949024
7.257247737e-01  0.949539
7.258699187e-01  0.949997
7.260150927e-01  0.950377
7.261602957e-01  0.950654
7.263055277e-01  0.950817
7.264507888e-01  0.950866
7.265960790e-01  0.950811
7.267413982e-01  0.950665
7.268867465e-01  0.950441
7.270321238e-01  0.950159
7.271775303e-01  0.949857
7.273229658e-01  0.949594
7.274684304e-01  0.949451
7.276139241e-01  0.949508
7.277594468e-01  0.949824
7.279049987e-01  0.950404
7.280505797e-01  0.951191
7.281961898e-01  0.952075
7.283418291e-01  0.952920
7.284874974e-01  0.953605
7.286331949e-01  0.954061
7.287789216e-01  0.954289
7.289246774e-01  0.954359
7.290704623e-01  0.954376
7.292162764e-01  0.954450
7.293621197e-01  0.954650
7.295079921e-01  0.954992
7.296538937e-01  0.955437
7.297998245e-01  0.955911
7.299457844e-01  0.956336
7.300917736e-01  0.956659
7.302377919e-01  0.956867
7.303838395e-01  0.956985
7.305299163e-01  0.957067
7.306760222e-01  0.957173
7.308221574e-01  0.957353
7.309683219e-01  0.957635
7.311145155e-01  0.958025
7.312607384e-01  0.958516
7.314069906e-01  0.959092
7.315532720e-01  0.959742
7.316995826e-01  0.960455
7.318459226e-01  0.961224
7.319922917e-01  0.962039
7.321386902e-01  0.962882
7.322851179e-01  0.963723
7.324315750e-01  0.964530
7.325780613e-01  0.965268
7.327245769e-01  0.965911
7.328711218e-01  0.966449
7.330176960e-01  0.966888
7.331642996e-01  0.967247
7.333109324e-01  0.967555
7.334575946e-01  0.967839
7.336042861e-01  0.968115
7.337510070e-01  0.968390
7.338977572e-01  0.968655
7.340445367e-01  0.968897
7.341913457e-01  0.969099
7.343381839e-01  0.969250
7.344850516e-01  0.969349
7.346319486e-01  0.969404
7.347788750e-01  0.969426
7.349258307e-01  0.969431
7.350728159e-01  0.969428
7.352198305e-01  0.969422
7.353668744e-01  0.969412
7.355139478e-01  0.969393
7.356610506e-01  0.969362
7.358081828e-01  0.969319
7.359553444e-01  0.969269
7.361025355e-01  0.969223
7.362497560e-01  0.969194
7.363970060e-01  0.969197
7.365442854e-01  0.969243
7.366915942e-01  0.969339
7.368389325e-01  0.969486
7.369863003e-01  0.969678
7.371336976e-01  0.969904
7.372811243e-01  0.970150
7.374285806e-01  0.970396
7.375760663e-01  0.970626
7.377235815e-01  0.970827
7.378711262e-01  0.970991
7.380187004e-01  0.971116
7.381663042e-01  0.971208
7.383139374e-01  0.971275
7.384616002e-01  0.971327
7.386092925e-01  0.971373
7.387570144e-01  0.971420
7.389047658e-01  0.971471
7.390525468e-01  0.971531
7.392003573e-01  0.971600
7.393481973e-01  0.971682
7.394960670e-01  0.971780
7.396439662e-01  0.971893
7.397918950e-01  0.972022
7.399398534e-01  0.972162
7.400878413e-01  0.972306
7.402358589e-01  0.972447
7.403839061e-01  0.972576
7.405319828e-01  0.972689
7.406800892e-01  0.972781
7.408282253e-01  0.972854
7.409763909e-01  0.972912
7.411245862e-01  0.972958
7.412728111e-01  0.972998
7.414210657e-01  0.973036
7.415693499e-01  0.973074
7.417176637e-01  0.973112
7.418660073e-01  0.973151
7.420143805e-01  0.973188
7.421627834e-01  0.973225
7.423112159e-01  0.973262
7.424596782e-01  0.973301
7.426081701e-01  0.973341
7.427566917e-01  0.973384
7.429052431e-01  0.973429
7.430538241e-01  0.973474
7.432024349e-01  0.973516
7.433510754e-01  0.973554
7.434997456e-01  0.973585
7.436484455e-01  0.973609
7.437971752e-01  0.973628
7.439459347e-01  0.973642
7.440947238e-01  0.973652
7.442435428e-01  0.973662
7.443923915e-01  0.973671
7.445412700e-01  0.973681
7.446901782e-01  0.973690
7.448391163e-01  0.973699
7.449880841e-01  0.973706
7.451370817e-01  0.973712
7.452861091e-01  0.973717
7.454351663e-01  0.973722
7.455842534e-01  0.973726
7.457333702e-01  0.973730
7.458825169e-01  0.973735
7.460316934e-01  0.973741
7.461808997e-01  0.973748
7.463301359e-01  0.973754
7.464794020e-01  0.973761
7.466286978e-01  0.973769
7.467780236e-01  0.973776
7.469273792e-01  0.973784
7.470767647e-01  0.973793
7.472261800e-01  0.973803
7.473756252e-01  0.973814
7.475251004e-01  0.973827
7.476746054e-01  0.973841
7.478241403e-01  0.973856
7.479737051e-01  0.973873
7.481232999e-01  0.973890
7.482729245e-01  0.973909
7.484225791e-01  0.973929
7.485722636e-01  0.973949
7.487219781e-01  0.973971
7.488717225e-01  0.973994
7.490214968e-01  0.974018
7.491713011e-01  0.974043
7.493211354e-01  0.974069
7.494709996e-01  0.974096
7.496208938e-01  0.974124
7.497708180e-01  0.974153
7.499207722e-01  0.974184
7.500707563e-01  0.974215
7.502207705e-01  0.974248
7.503708146e-01  0.974281
7.505208888e-01  0.974316
7.506709930e-01  0.974353
7.508211272e-01  0.974390
7.509712914e-01  0.974428
7.511214856e-01  0.974466
7.512717099e-01  0.974505
7.514219643e-01  0.974544
7.515722487e-01  0.974582
7.517225631e-01  0.974621
7.518729076e-01  0.974659
7.520232822e-01  0.974696
7.521736869e-01  0.974733
7.523241216e-01  0.974770
7.524745864e-01  0.974806
7.526250814e-01  0.974841
7.527756064e-01  0.974875
7.529261615e-01  0.974909
7.530767467e-01  0.974941
7.532273621e-01  0.974973
7.533780075e-01  0.975003
7.535286831e-01  0.975033
7.536793889e-01  0.975061
7.538301248e-01  0.975088
7.539808908e-01  0.975114
7.541316870e-01  0.975140
7.542825133e-01  0.975164
7.544333698e-01  0.975188
7.545842565e-01  0.975211
7.547351733e-01  0.975233
7.548861204e-01  0.975255
7.550370976e-01  0.975275
7.551881050e-01  0.975295
7.553391426e-01  0.975314
7.554902105e-01  0.975332
7.556413085e-01  0.975349
7.557924368e-01  0.975365
7.559435952e-01  0.975379
7.560947840e-01  0.975392
7.562460029e-01  0.975401
7.563972521e-01  0.975407
7.565485316e-01  0.975408
7.566998413e-01  0.975402
7.568511812e-01  0.975387
7.570025515e-01  0.975355
7.571539520e-01  0.975295
7.573053828e-01  0.975181
7.574568439e-01  0.974966
7.576083352e-01  0.974557
7.577598569e-01  0.973791
7.579114089e-01  0.972390
7.580629912e-01  0.969916
7.582146037e-01  0.965723
7.583662467e-01  0.958932
7.585179199e-01  0.948442
7.586696235e-01  0.933018
7.588213574e-01  0.911441
7.589731217e-01  0.882743
7.591249163e-01  0.846455
7.592767413e-01  0.802830
7.594285967e-01  0.752970
7.595804824e-01  0.698804
7.597323985e-01  0.642916
7.598843449e-01  0.588250
7.600363218e-01  0.537776
7.601883291e-01  0.494179
7.603403667e-01  0.459625
7.604924348e-01  0.435625
7.606445333e-01  0.422970
7.607966622e-01  0.421714
7.609488215e-01  0.431163
7.611010113e-01  0.449882
7.612532315e-01  0.475740
7.614054822e-01  0.506027
7.615577633e-01  0.537675
7.617100748e-01  0.567590
7.618624168e-01  0.593046
7.620147893e-01  0.612064
7.621671923e-01  0.623689
7.623196257e-01  0.628079
7.624720896e-01  0.626387
7.626245840e-01  0.620471
7.627771090e-01  0.612494
7.629296644e-01  0.604534
7.630822503e-01  0.598277
7.632348668e-01  0.594851
7.633875137e-01  0.594800
7.635401912e-01  0.598167
7.636928993e-01  0.604644
7.638456379e-01  0.613736
7.639984070e-01  0.624901
7.641512067e-01  0.637649
7.643040369e-01  0.651586
7.644568977e-01  0.666420
7.646097891e-01  0.681939
7.647627111e-01  0.697971
7.649156636e-01  0.714353
7.650686467e-01  0.730909
7.652216605e-01  0.747441
7.653747048e-01  0.763737
7.655277797e-01  0.779588
7.656808853e-01  0.794811
7.658340215e-01  0.809260
7.659871883e-01  0.822850
7.661403857e-01  0.835550
7.662936138e-01  0.847386
7.664468725e-01  0.858419
7.666001619e-01  0.868730
7.667534819e-01  0.878395
7.669068326e-01  0.887471
7.670602140e-01  0.895986
7.672136260e-01  0.903942
7.673670687e-01  0.911322
7.675205422e-01  0.918108
7.676740463e-01  0.924291
7.678275811e-01  0.929880
7.679811466e-01  0.934903
7.681347428e-01  0.939406
7.682883698e-01  0.943446
7.684420274e-01  0.947081
7.685957159e-01  0.950366
7.687494350e-01  0.953350
7.689031849e-01  0.956070
7.690569655e-01  0.958556
7.692107769e-01  0.960828
7.693646191e-01  0.962905
7.695184920e-01  0.964799
7.696723957e-01  0.966523
7.698263302e-01  0.968089
7.699802954e-01  0.969505
7.701342915e-01  0.970780
7.702883184e-01  0.971919
7.704423760e-01  0.972925
7.705964645e-01  0.973800
7.707505838e-01  0.974548
7.709047339e-01  0.975174
7.710589148e-01  0.975687
7.712131266e-01  0.976097
7.713673693e-01  0.976420
7.715216427e-01  0.976672
7.716759471e-01  0.976868
7.718302822e-01  0.977023
7.719846483e-01  0.977149
7.721390452e-01  0.977257
7.722934730e-01  0.977354
7.724479317e-01  0.977443
7.726024213e-01  0.977528
7.727569418e-01  0.977610
7.729114932e-01  0.977690
7.730660755e-01  0.977767
7.732206887e-01  0.977841
7.733753328e-01  0.977911
7.735300079e-01  0.977977
7.736847139e-01  0.978039
7.738394509e-01  0.978095
7.739942188e-01  0.978148
7.741490176e-01  0.978195
7.743038474e-01  0.978238
7.744587082e-01  0.978276
7.746135999e-01  0.978310
7.747685226e-01  0.978340
7.749234763e-01  0.978367
7.750784610e-01  0.978391
7.752334767e-01  0.978412
7.753885234e-01  0.978430
7.755436011e-01  0.978447
7.756987098e-01  0.978461
7.758538496e-01  0.978473
7.760090204e-01  0.978484
7.761642222e-01  0.978493
7.763194550e-01  0.978500
7.764747189e-01  0.978507
7.766300138e-01  0.978512
7.767853398e-01  0.978517
7.769406969e-01  0.978520
7.770960850e-01  0.978524
7.772515043e-01  0.978527
7.774069546e-01  0.978531
7.775624360e-01  0.978534
7.777179484e-01  0.978539
7.778734920e-01  0.978544
7.780290667e-01  0.978549
7.781846725e-01  0.978556
7.783403095e-01  0.978563
7.784959775e-01  0.978571
7.786516767e-01  0.978580
7.788074071e-01  0.978590
7.789631686e-01  0.978601
7.791189612e-01  0.978613
7.792747850e-01  0.978627
7.794306399e-01  0.978641
7.795865261e-01  0.978657
7.797424434e-01  0.978675
7.798983919e-01  0.978694
7.800543715e-01  0.978715
7.802103824e-01  0.978738
7.803664245e-01  0.978762
7.805224978e-01  0.978788
7.806786023e-01  0.978816
7.808347380e-01  0.978845
7.809909049e-01  0.978876
7.811471031e-01  0.978907
7.813033325e-01  0.978938
7.814595932e-01  0.978970
7.816158851e-01  0.979003
7.817722083e-01  0.979036
7.819285627e-01  0.979069
7.820849485e-01  0.979104
7.822413654e-01  0.979139
7.823978137e-01  0.979174
7.825542933e-01  0.979210
7.827108041e-01  0.979245
7.828673463e-01  0.979280
7.830239198e-01  0.979314
7.831805246e-01  0.979346
7.833371607e-01  0.979377
7.834938281e-01  0.979407
7.836505269e-01  0.979435
7.838072570e-01  0.979463
7.839640184e-01  0.979490
7.841208112e-01  0.979516
7.842776354e-01  0.979542
7.844344909e-01  0.979568
7.845913778e-01  0.979593
7.847482961e-01  0.979617
7.849052457e-01  0.979640
7.850622268e-01  0.979661
7.852192392e-01  0.979677
7.853762831e-01  0.979688
7.855333583e-01  0.979691
7.856904650e-01  0.979683
7.858476031e-01  0.979664
7.860047726e-01  0.979632
7.861619736e-01  0.979588
7.863192060e-01  0.979536
7.864764698e-01  0.979477
7.866337651e-01  0.979417
7.867910919e-01  0.979357
7.869484501e-01  0.979302
7.871058398e-01  0.979251
7.872632609e-01  0.979207
7.874207136e-01  0.979166
7.875781977e-01  0.979130
7.877357134e-01  0.979094
7.878932605e-01  0.979054
7.880508392e-01  0.979007
7.882084493e-01  0.978944
7.883660910e-01  0.978858
7.885237642e-01  0.978744
7.886814690e-01  0.978600
7.888392053e-01  0.978427
7.889969731e-01  0.978236
7.891547725e-01  0.978038
7.893126035e-01  0.977853
7.894704660e-01  0.977696
7.896283601e-01  0.977581
7.897862858e-01  0.977515
7.899442430e-01  0.977500
7.901022319e-01  0.977529
7.902602523e-01  0.977594
7.904183044e-01  0.977683
7.905763880e-01  0.977787
7.907345033e-01  0.977899
7.908926502e-01  0.978011
7.910508287e-01  0.978119
7.912090389e-01  0.978218
7.913672807e-01  0.978303
7.915255542e-01  0.978370
7.916838593e-01  0.978417
7.918421961e-01  0.978447
7.920005645e-01  0.978465
7.921589646e-01  0.978481
7.923173964e-01  0.978507
7.924758599e-01  0.978555
7.926343550e-01  0.978637
7.927928819e-01  0.978760
7.929514405e-01  0.978926
7.931100308e-01  0.979133
7.932686528e-01  0.979371
7.934273065e-01  0.979626
7.935859920e-01  0.979882
7.937447092e-01  0.980120
7.939034581e-01  0.980324
7.940622388e-01  0.980482
7.942210513e-01  0.980587
7.943798955e-01  0.980638
7.945387714e-01  0.980634
7.946976792e-01  0.980578
7.948566187e-01  0.980469
7.950155901e-01  0.980309
7.951745932e-01  0.980097
7.953336281e-01  0.979837
7.954926948e-01  0.979537
7.956517934e-01  0.979214
7.958109237e-01  0.978891
7.959700859e-01  0.978600
7.961292799e-01  0.978371
7.962885058e-01  0.978231
7.964477635e-01  0.978196
7.966070530e-01  0.978267
7.967663744e-01  0.978431
7.969257277e-01  0.978664
7.970851129e-01  0.978936
7.972445299e-01  0.979219
7.974039788e-01  0.979488
7.975634596e-01  0.979724
7.977229723e-01  0.979919
7.978825169e-01  0.980067
7.980420934e-01  0.980172
7.982017018e-01  0.980238
7.983613421e-01  0.980275
7.985210144e-01  0.980291
7.986807186e-01  0.980292
7.988404548e-01  0.980279
7.990002228e-01  0.980253
7.991600229e-01  0.980210
7.993198549e-01  0.980144
7.994797189e-01  0.980052
7.996396148e-01  0.979934
7.997995427e-01  0.979797
7.999595026e-01  0.979648
8.001194945e-01  0.979499
8.002795184e-01  0.979362
8.004395743e-01  0.979248
8.005996623e-01  0.979164
8.007597822e-01  0.979115
8.009199341e-01  0.979100
8.010801181e-01  0.979117
8.012403342e-01  0.979160
8.014005822e-01  0.979220
8.015608623e-01  0.979287
8.017211745e-01  0.979351
8.018815187e-01  0.979405
8.020418951e-01  0.979444
8.022023034e-01  0.979470
8.023627439e-01  0.979486
8.025232164e-01  0.979499
8.026837211e-01  0.979516
8.028442578e-01  0.979541
8.030048267e-01  0.979578
8.031654276e-01  0.979624
8.033260607e-01  0.979676
8.034867259e-01  0.979733
8.036474233e-01  0.979793
8.038081528e-01  0.979857
8.039689144e-01  0.979928
8.041297082e-01  0.980012
8.042905341e-01  0.980113
8.044513922e-01  0.980236
8.046122825e-01  0.980381
8.047732050e-01  0.980544
8.049341596e-01  0.980719
8.050951464e-01  0.980895
8.052561655e-01  0.981061
8.054172167e-01  0.981206
8.055783001e-01  0.981323
8.057394158e-01  0.981408
8.059005637e-01  0.981464
8.060617438e-01  0.981493
8.062229562e-01  0.981503
8.063842007e-01  0.981501
8.065454776e-01  0.981493
8.067067867e-01  0.981483
8.068681280e-01  0.981475
8.070295017e-01  0.981468
8.071909076e-01  0.981460
8.073523457e-01  0.981448
8.075138162e-01  0.981427
8.076753190e-01  0.981396
8.078368540e-01  0.981350
8.079984214e-01  0.981289
8.081600211e-01  0.981215
8.083216531e-01  0.981129
8.084833174e-01  0.981035
8.086450141e-01  0.980935
8.088067431e-01  0.980832
8.089685044e-01  0.980729
8.091302981e-01  0.980625
8.092921242e-01  0.980523
8.094539826e-01  0.980424
8.096158734e-01  0.980326
8.097777966e-01  0.980228
8.099397522e-01  0.980125
8.101017401e-01  0.980009
8.102637605e-01  0.979873
8.104258132e-01  0.979710
8.105878984e-01  0.979517
8.107500160e-01  0.979296
8.109121660e-01  0.979052
8.110743484e-01  0.978796
8.112365633e-01  0.978534
8.113988106e-01  0.978271
8.115610903e-01  0.978002
8.117234026e-01  0.977713
8.118857472e-01  0.977385
8.120481244e-01  0.976991
8.122105340e-01  0.976503
8.123729761e-01  0.975897
8.125354507e-01  0.975157
8.126979578e-01  0.974277
8.128604974e-01  0.973269
8.130230695e-01  0.972161
8.131856741e-01  0.970992
8.133483112e-01  0.969806
8.135109809e-01  0.968637
8.136736831e-01  0.967506
8.138364178e-01  0.966412
8.139991851e-01  0.965332
8.141619850e-01  0.964236
8.143248174e-01  0.963092
8.144876823e-01  0.961877
8.146505799e-01  0.960579
8.148135100e-01  0.959200
8.149764727e-01  0.957746
8.151394680e-01  0.956220
8.153024959e-01  0.954626
8.154655564e-01  0.952969
8.156286495e-01  0.951267
8.157917752e-01  0.949564
8.159549336e-01  0.947937
8.161181245e-01  0.946491
8.162813482e-01  0.945340
8.164446044e-01  0.944581
8.166078934e-01  0.944258
8.167712149e-01  0.944351
8.169345692e-01  0.944773
8.170979561e-01  0.945396
8.172613757e-01  0.946088
8.174248280e-01  0.946752
8.175883129e-01  0.947348
8.177518306e-01  0.947891
8.179153810e-01  0.948431
8.180789640e-01  0.949017
8.182425798e-01  0.949671
8.184062283e-01  0.950377
8.185699096e-01  0.951088
8.187336236e-01  0.951755
8.188973703e-01  0.952351
8.190611498e-01  0.952891
8.192249620e-01  0.953438
8.193888070e-01  0.954092
8.195526847e-01  0.954962
8.197165953e-01  0.956139
8.198805386e-01  0.957674
8.200445147e-01  0.959560
8.202085236e-01  0.961722
8.203725653e-01  0.964027
8.205366398e-01  0.966299
8.207007472e-01  0.968352
8.208648873e-01  0.970004
8.210290603e-01  0.971108
8.211932661e-01  0.971545
8.213575048e-01  0.971229
8.215217763e-01  0.970097
8.216860806e-01  0.968106
8.218504178e-01  0.965247
8.220147879e-01  0.961577
8.221791909e-01  0.957246
8.223436267e-01  0.952531
8.225080954e-01  0.947830
8.226725970e-01  0.943628
8.228371316e-01  0.940416
8.230016990e-01  0.938600
8.231662993e-01  0.938411
8.233309326e-01  0.939850
8.234955988e-01  0.942691
8.236602979e-01  0.946536
8.238250300e-01  0.950904
8.239897950e-01  0.955332
8.241545929e-01  0.959442
8.243194238e-01  0.962988
8.244842877e-01  0.965847
8.246491846e-01  0.967998
8.248141144e-01  0.969487
8.249790772e-01  0.970399
8.251440731e-01  0.970847
8.253091019e-01  0.970958
8.254741637e-01  0.970871
8.256392585e-01  0.970722
8.258043864e-01  0.970621
8.259695473e-01  0.970630
8.261347412e-01  0.970747
8.262999681e-01  0.970905
8.264652281e-01  0.970987
8.266305212e-01  0.970862
8.267958473e-01  0.970421
8.269612064e-01  0.969610
8.271265987e-01  0.968448
8.272920240e-01  0.967027
8.274574824e-01  0.965489
8.276229739e-01  0.963993
8.277884985e-01  0.962684
8.279540562e-01  0.961666
8.281196470e-01  0.960992
8.282852709e-01  0.960669
8.284509280e-01  0.960672
8.286166182e-01  0.960958
8.287823415e-01  0.961483
8.289480980e-01  0.962200
8.291138876e-01  0.963064
8.292797104e-01  0.964023
8.294455663e-01  0.965021
8.296114554e-01  0.966000
8.297773777e-01  0.966908
8.299433332e-01  0.967711
8.301093218e-01  0.968396
8.302753437e-01  0.968974
8.304413988e-01  0.969466
8.306074871e-01  0.969892
8.307736086e-01  0.970258
8.309397633e-01  0.970553
8.311059512e-01  0.970750
8.312721724e-01  0.970825
8.314384269e-01  0.970774
8.316047145e-01  0.970629
8.317710355e-01  0.970455
8.319373897e-01  0.970342
8.321037772e-01  0.970378
8.322701979e-01  0.970623
8.324366520e-01  0.971094
8.326031393e-01  0.971760
8.327696599e-01  0.972552
8.329362139e-01  0.973386
8.331028011e-01  0.974186
8.332694217e-01  0.974907
8.334360755e-01  0.975538
8.336027628e-01  0.976098
8.337694833e-01  0.976622
8.339362372e-01  0.977147
8.341030245e-01  0.977693
8.342698451e-01  0.978262
8.344366990e-01  0.978834
8.346035864e-01  0.979377
8.347705071e-01  0.979855
8.349374612e-01  0.980243
8.351044487e-01  0.980527
8.352714696e-01  0.980715
8.354385239e-01  0.980827
8.356056116e-01  0.980894
8.357727327e-01  0.980946
8.359398872e-01  0.981012
8.361070752e-01  0.981107
8.362742966e-01  0.981237
8.364415515e-01  0.981396
8.366088398e-01  0.981575
8.367761616e-01  0.981759
8.369435168e-01  0.981936
8.371109055e-01  0.982100
8.372783277e-01  0.982250
8.374457833e-01  0.982389
8.376132725e-01  0.982523
8.377807952e-01  0.982658
8.379483513e-01  0.982798
8.381159410e-01  0.982945
8.382835642e-01  0.983095
8.384512209e-01  0.983246
8.386189111e-01  0.983395
8.387866349e-01  0.983538
8.389543922e-01  0.983673
8.391221831e-01  0.983796
8.392900076e-01  0.983904
8.394578656e-01  0.983992
8.396257571e-01  0.984058
8.397936823e-01  0.984100
8.399616410e-01  0.984118
8.401296333e-01  0.984113
8.402976593e-01  0.984089
8.404657188e-01  0.984056
8.406338119e-01  0.984020
8.408019387e-01  0.983992
8.409700991e-01  0.983981
8.411382931e-01  0.983993
8.413065208e-01  0.984032
8.414747821e-01  0.984098
8.416430770e-01  0.984188
8.418114057e-01  0.984296
8.419797679e-01  0.984413
8.421481639e-01  0.984530
8.423165935e-01  0.984636
8.424850568e-01  0.984724
8.426535538e-01  0.984787
8.428220846e-01  0.984823
8.429906490e-01  0.984834
8.431592471e-01  0.984828
8.433278790e-01  0.984813
8.434965445e-01  0.984800
8.436652438e-01  0.984798
8.438339769e-01  0.984813
8.440027437e-01  0.984849
8.441715442e-01  0.984905
8.443403785e-01  0.984977
8.445092466e-01  0.985061
8.446781485e-01  0.985148
8.448470841e-01  0.985234
8.450160535e-01  0.985313
8.451850567e-01  0.985382
8.453540937e-01  0.985438
8.455231646e-01  0.985481
8.456922692e-01  0.985515
8.458614076e-01  0.985542
8.460305799e-01  0.985565
8.461997860e-01  0.985588
8.463690260e-01  0.985613
8.465382998e-01  0.985638
8.467076075e-01  0.985662
8.468769490e-01  0.985681
8.470463244e-01  0.985691
8.472157336e-01  0.985691
8.473851768e-01  0.985679
8.475546538e-01  0.985656
8.477241648e-01  0.985626
8.478937096e-01  0.985592
8.480632883e-01  0.985559
8.482329010e-01  0.985529
8.484025476e-01  0.985505
8.485722281e-01  0.985488
8.487419425e-01  0.985477
8.489116909e-01  0.985471
8.490814732e-01  0.985468
8.492512895e-01  0.985467
8.494211398e-01  0.985466
8.495910240e-01  0.985462
8.497609422e-01  0.985453
8.499308944e-01  0.985438
8.501008806e-01  0.985415
8.502709008e-01  0.985382
8.504409550e-01  0.985339
8.506110431e-01  0.985287
8.507811654e-01  0.985230
8.509513216e-01  0.985171
8.511215119e-01  0.985115
8.512917362e-01  0.985069
8.514619945e-01  0.985037
8.516322869e-01  0.985022
8.518026134e-01  0.985026
8.519729739e-01  0.985046
8.521433685e-01  0.985081
8.523137971e-01  0.985125
8.524842599e-01  0.985172
8.526547568e-01  0.985218
8.528252877e-01  0.985257
8.529958528e-01  0.985287
8.531664519e-01  0.985307
8.533370852e-01  0.985318
8.535077526e-01  0.985323
8.536784542e-01  0.985324
8.538491899e-01  0.985327
8.540199597e-01  0.985334
8.541907637e-01  0.985348
8.543616019e-01  0.985371
8.545324742e-01  0.985401
8.547033807e-01  0.985437
8.548743214e-01  0.985477
8.550452962e-01  0.985519
8.552163053e-01  0.985561
8.553873485e-01  0.985603
8.555584260e-01  0.985645
8.557295377e-01  0.985687
8.559006836e-01  0.985728
8.560718637e-01  0.985769
8.562430781e-01  0.985808
8.564143267e-01  0.985844
8.565856096e-01  0.985875
8.567569267e-01  0.985902
8.569282781e-01  0.985925
8.570996638e-01  0.985947
8.572710837e-01  0.985970
8.574425379e-01  0.985995
8.576140264e-01  0.986024
8.577855492e-01  0.986057
8.579571063e-01  0.986093
8.581286978e-01  0.986131
8.583003235e-01  0.986168
8.584719836e-01  0.986203
8.586436780e-01  0.986236
8.588154067e-01  0.986267
8.589871698e-01  0.986296
8.591589672e-01  0.986325
8.593307990e-01  0.986354
8.595026652e-01  0.986385
8.596745657e-01  0.986418
8.598465006e-01  0.986451
8.600184699e-01  0.986485
8.601904736e-01  0.986517
8.603625117e-01  0.986547
8.605345842e-01  0.986575
8.607066911e-01  0.986601
8.608788325e-01  0.986626
8.610510082e-01  0.986649
8.612232184e-01  0.986672
8.613954631e-01  0.986694
8.615677422e-01  0.986716
8.617400557e-01  0.986737
8.619124037e-01  0.986758
8.620847862e-01  0.986779
8.622572032e-01  0.986800
8.624296546e-01  0.986822
8.626021405e-01  0.986846
8.627746610e-01  0.986872
8.629472159e-01  0.986900
8.631198053e-01  0.986930
8.632924293e-01  0.986962
8.634650878e-01  0.986996
8.636377808e-01  0.987029
8.638105084e-01  0.987062
8.639832705e-01  0.987094
8.641560671e-01  0.987125
8.643288983e-01  0.987154
8.645017641e-01  0.987180
8.646746645e-01  0.987204
8.648475994e-01  0.987227
8.650205689e-01  0.987247
8.651935730e-01  0.987266
8.653666117e-01  0.987285
8.655396851e-01  0.987302
8.657127930e-01  0.987320
8.658859356e-01  0.987338
8.660591127e-01  0.987356
8.662323246e-01  0.987375
8.664055710e-01  0.987396
8.665788521e-01  0.987417
8.667521679e-01  0.987439
8.669255183e-01  0.987462
8.670989034e-01  0.987484
8.672723232e-01  0.987507
8.674457777e-01  0.987530
8.676192668e-01  0.987552
8.677927907e-01  0.987572
8.679663493e-01  0.987592
8.681399425e-01  0.987610
8.683135705e-01  0.987626
8.684872332e-01  0.987640
8.686609307e-01  0.987654
8.688346629e-01  0.987668
8.690084298e-01  0.987682
8.691822315e-01  0.987697
8.693560679e-01  0.987713
8.695299391e-01  0.987731
8.697038451e-01  0.987750
8.698777859e-01  0.987768
8.700517615e-01  0.987786
8.702257718e-01  0.987803
8.703998170e-01  0.987817
8.705738969e-01  0.987830
8.707480117e-01  0.987840
8.709221613e-01  0.987850
8.710963457e-01  0.987860
8.712705650e-01  0.987871
8.714448191e-01  0.987883
8.716191081e-01  0.987899
8.717934319e-01  0.987916
8.719677906e-01  0.987935
8.721421842e-01  0.987956
8.723166126e-01  0.987977
8.724910759e-01  0.987997
8.726655741e-01  0.988016
8.728401072e-01  0.988034
8.730146753e-01  0.988049
8.731892782e-01  0.988064
8.733639161e-01  0.988077
8.735385888e-01  0.988089
8.737132966e-01  0.988100
8.738880392e-01  0.988112
8.740628168e-01  0.988122
8.742376294e-01  0.988133
8.744124769e-01  0.988143
8.745873594e-01  0.988153
8.747622769e-01  0.988162
8.749372293e-01  0.988171
8.751122168e-01  0.988179
8.752872392e-01  0.988186
8.754622967e-01  0.988193
8.756373891e-01  0.988200
8.758125166e-01  0.988206
8.759876791e-01  0.988213
8.761628766e-01  0.988220
8.763381092e-01  0.988227
8.765133768e-01  0.988234
8.766886795e-01  0.988242
8.768640173e-01  0.988249
8.770393901e-01  0.988255
8.772147979e-01  0.988259
8.773902409e-01  0.988262
8.775657189e-01  0.988264
8.777412321e-01  0.988264
8.779167803e-01  0.988263
8.780923637e-01  0.988262
8.782679822e-01  0.988262
8.784436358e-01  0.988263
8.786193245e-01  0.988266
8.787950484e-01  0.988269
8.789708074e-01  0.988272
8.791466015e-01  0.988273
8.793224308e-01  0.988272
8.794982953e-01  0.988268
8.796741950e-01  0.988260
8.798501298e-01  0.988249
8.800260999e-01  0.988235
8.802021051e-01  0.988219
8.803781455e-01  0.988201
8.805542211e-01  0.988182
8.807303320e-01  0.988161
8.809064780e-01  0.988138
8.810826593e-01  0.988113
8.812588759e-01  0.988084
8.814351276e-01  0.988052
8.816114147e-01  0.988019
8.817877369e-01  0.987984
8.819640945e-01  0.987951
8.821404873e-01  0.987920
8.823169154e-01  0.987892
8.824933788e-01  0.987869
8.826698775e-01  0.987849
8.828464114e-01  0.987834
8.830229807e-01  0.987822
8.831995853e-01  0.987815
8.833762252e-01  0.987813
8.835529005e-01  0.987819
8.837296111e-01  0.987831
8.839063570e-01  0.987849
8.840831383e-01  0.987872
8.842599549e-01  0.987893
8.844368069e-01  0.987910
8.846136942e-01  0.987916
8.847906170e-01  0.987908
8.849675751e-01  0.987883
8.851445686e-01  0.987841
8.853215975e-01  0.987786
8.854986619e-01  0.987722
8.856757616e-01  0.987656
8.858528967e-01  0.987595
8.860300673e-01  0.987544
8.862072733e-01  0.987505
8.863845148e-01  0.987478
8.865617917e-01  0.987462
8.867391040e-01  0.987452
8.869164519e-01  0.987444
8.870938352e-01  0.987434
8.872712539e-01  0.987421
8.874487082e-01  0.987407
8.876261979e-01  0.987395
8.878037232e-01  0.987391
8.879812839e-01  0.987400
8.881588802e-01  0.987426
8.883365119e-01  0.987469
8.885141792e-01  0.987525
8.886918821e-01  0.987588
8.888696204e-01  0.987647
8.890473944e-01  0.987695
8.892252038e-01  0.987725
8.894030489e-01  0.987738
8.895809295e-01  0.987735
8.897588457e-01  0.987722
8.899367975e-01  0.987706
8.901147848e-01  0.987692
8.902928078e-01  0.987680
8.904708663e-01  0.987670
8.906489605e-01  0.987656
8.908270903e-01  0.987633
8.910052557e-01  0.987591
8.911834568e-01  0.987526
8.913616935e-01  0.987431
8.915399658e-01  0.987302
8.917182738e-01  0.987136
8.918966174e-01  0.986926
8.920749968e-01  0.986668
8.922534118e-01  0.986358
8.924318625e-01  0.985996
8.926103488e-01  0.985588
8.927888709e-01  0.985145
8.929674287e-01  0.984684
8.931460222e-01  0.984219
8.933246514e-01  0.983760
8.935033163e-01  0.983300
8.936820170e-01  0.982820
8.938607534e-01  0.982281
8.940395255e-01  0.981638
8.942183334e-01  0.980842
8.943971771e-01  0.979854
8.945760565e-01  0.978650
8.947549717e-01  0.977228
8.949339227e-01  0.975608
8.951129095e-01  0.973824
8.952919321e-01  0.971916
8.954709905e-01  0.969927
8.956500847e-01  0.967890
8.958292147e-01  0.965842
8.960083805e-01  0.963820
8.961875822e-01  0.961875
8.963668197e-01  0.960064
8.965460931e-01  0.958448
8.967254023e-01  0.957068
8.969047474e-01  0.955931
8.970841283e-01  0.954991
8.972635452e-01  0.954140
8.974429979e-01  0.953223
8.976224865e-01  0.952052
8.978020110e-01  0.950450
8.979815714e-01  0.948294
8.981611677e-01  0.945566
8.983407999e-01  0.942381
8.985204681e-01  0.938993
8.987001722e-01  0.935759
8.988799122e-01  0.933063
8.990596882e-01  0.931227
8.992395001e-01  0.930423
8.994193480e-01  0.930633
8.995992319e-01  0.931659
8.997791517e-01  0.933188
8.999591076e-01  0.934884
9.001390994e-01  0.936474
9.003191272e-01  0.937791
9.004991910e-01  0.938781
9.006792909e-01  0.939467
9.008594267e-01  0.939911
9.010395986e-01  0.940176
9.012198065e-01  0.940320
9.014000505e-01  0.940404
9.015803305e-01  0.940509
9.017606466e-01  0.940745
9.019409987e-01  0.941250
9.021213869e-01  0.942166
9.023018112e-01  0.943617
9.024822715e-01  0.945680
9.026627680e-01  0.948359
9.028433006e-01  0.951582
9.030238692e-01  0.955199
9.032044740e-01  0.959002
9.033851149e-01  0.962759
9.035657919e-01  0.966243
9.037465051e-01  0.969276
9.039272544e-01  0.971741
9.041080398e-01  0.973601
9.042888614e-01  0.974876
9.044697192e-01  0.975632
9.046506131e-01  0.975946
9.048315433e-01  0.975892
9.050125096e-01  0.975519
9.051935121e-01  0.974850
9.053745508e-01  0.973884
9.055556257e-01  0.972600
9.057367368e-01  0.970970
9.059178842e-01  0.968969
9.060990677e-01  0.966595
9.062802875e-01  0.963881
9.064615436e-01  0.960909
9.066428359e-01  0.957809
9.068241645e-01  0.954750
9.070055293e-01  0.951911
9.071869304e-01  0.949449
9.073683678e-01  0.947468
9.075498415e-01  0.946007
9.077313514e-01  0.945035
9.079128977e-01  0.944485
9.080944803e-01  0.944273
9.082760992e-01  0.944331
9.084577544e-01  0.944612
9.086394460e-01  0.945090
9.088211739e-01  0.945737
9.090029381e-01  0.946511
9.091847387e-01  0.947349
9.093665756e-01  0.948176
9.095484489e-01  0.948923
9.097303586e-01  0.949554
9.099123047e-01  0.950077
9.100942872e-01  0.950546
9.102763060e-01  0.951044
9.104583613e-01  0.951648
9.106404530e-01  0.952400
9.108225810e-01  0.953289
9.110047456e-01  0.954246
9.111869465e-01  0.955167
9.113691839e-01  0.955940
9.115514577e-01  0.956470
9.117337680e-01  0.956698
9.119161148e-01  0.956588
9.120984980e-01  0.956120
9.122809177e-01  0.955274
9.124633739e-01  0.954043
9.126458666e-01  0.952451
9.128283957e-01  0.950589
9.130109614e-01  0.948637
9.131935636e-01  0.946851
9.133762023e-01  0.945519
9.135588776e-01  0.944885
9.137415893e-01  0.945073
9.139243377e-01  0.946026
9.141071225e-01  0.947510
9.142899439e-01  0.949153
9.144728019e-01  0.950553
9.146556965e-01  0.951381
9.148386276e-01  0.951486
9.150215954e-01  0.950934
9.152045997e-01  0.949990
9.153876406e-01  0.949037
9.155707181e-01  0.948454
9.157538323e-01  0.948501
9.159369830e-01  0.949242
9.161201704e-01  0.950529
9.163033945e-01  0.952057
9.164866551e-01  0.953462
9.166699525e-01  0.954430
9.168532865e-01  0.954793
9.170366571e-01  0.954568
9.172200645e-01  0.953943
9.174035085e-01  0.953219
9.175869892e-01  0.952720
9.177705066e-01  0.952710
9.179540607e-01  0.953334
9.181376515e-01  0.954599
9.183212790e-01  0.956390
9.185049433e-01  0.958520
9.186886443e-01  0.960783
9.188723820e-01  0.963005
9.190561565e-01  0.965073
9.192399677e-01  0.966942
9.194238157e-01  0.968619
9.196077004e-01  0.970139
9.197916220e-01  0.971529
9.199755803e-01  0.972789
9.201595754e-01  0.973890
9.203436073e-01  0.974777
9.205276761e-01  0.975396
9.207117816e-01  0.975720
9.208959240e-01  0.975760
9.210801031e-01  0.975576
9.212643192e-01  0.975261
9.214485720e-01  0.974925
9.216328617e-01  0.974665
9.218171883e-01  0.974549
9.220015517e-01  0.974600
9.221859521e-01  0.974795
9.223703893e-01  0.975076
9.225548633e-01  0.975366
9.227393743e-01  0.975588
9.229239222e-01  0.975683
9.231085070e-01  0.975617
9.232931287e-01  0.975385
9.234777873e-01  0.975007
9.236624828e-01  0.974523
9.238472153e-01  0.973982
9.240319848e-01  0.973438
9.242167912e-01  0.972943
9.244016345e-01  0.972549
9.245865149e-01  0.972297
9.247714322e-01  0.972214
9.249563865e-01  0.972313
9.251413777e-01  0.972582
9.253264060e-01  0.972989
9.255114713e-01  0.973485
9.256965736e-01  0.974010
9.258817129e-01  0.974497
9.260668892e-01  0.974873
9.262521026e-01  0.975060
9.264373530e-01  0.974966
9.266226405e-01  0.974496
9.268079650e-01  0.973558
9.269933266e-01  0.972083
9.271787253e-01  0.970053
9.273641610e-01  0.967512
9.275496339e-01  0.964574
9.277351438e-01  0.961406
9.279206908e-01  0.958191
9.281062750e-01  0.955087
9.282918962e-01  0.952182
9.284775546e-01  0.949470
9.286632501e-01  0.946847
9.288489828e-01  0.944132
9.290347526e-01  0.941114
9.292205595e-01  0.937593
9.294064036e-01  0.933417
9.295922849e-01  0.928501
9.297782034e-01  0.922817
9.299641590e-01  0.916373
9.301501518e-01  0.909189
9.303361819e-01  0.901281
9.305222491e-01  0.892661
9.307083535e-01  0.883362
9.308944952e-01  0.873460
9.310806741e-01  0.863105
9.312668903e-01  0.852533
9.314531436e-01  0.842059
9.316394343e-01  0.832046
9.318257621e-01  0.822856
9.320121273e-01  0.814778
9.321985297e-01  0.807972
9.323849694e-01  0.802406
9.325714464e-01  0.797844
9.327579607e-01  0.793865
9.329445123e-01  0.789943
9.331311012e-01  0.785571
9.333177274e-01  0.780406
9.335043910e-01  0.774390
9.336910919e-01  0.767806
9.338778301e-01  0.761244
9.340646056e-01  0.755454
9.342514186e-01  0.751151
9.344382688e-01  0.748800
9.346251565e-01  0.748489
9.348120815e-01  0.749923
9.349990439e-01  0.752540
9.351860438e-01  0.755716
9.353730810e-01  0.758958
9.355601556e-01  0.762013
9.357472676e-01  0.764849
9.359344171e-01  0.767552
9.361216039e-01  0.770181
9.363088283e-01  0.772695
9.364960900e-01  0.774953
9.366833892e-01  0.776801
9.368707259e-01  0.778188
9.370581001e-01  0.779238
9.372455117e-01  0.780271
9.374329608e-01  0.781749
9.376204474e-01  0.784192
9.378079715e-01  0.788089
9.379955331e-01  0.793817
9.381831322e-01  0.801581
9.383707688e-01  0.811369
9.385584430e-01  0.822921
9.387461546e-01  0.835732
9.389339039e-01  0.849093
9.391216907e-01  0.862176
9.393095150e-01  0.874157
9.394973769e-01  0.884344
9.396852764e-01  0.892275
9.398732134e-01  0.897771
9.400611881e-01  0.900925
9.402492003e-01  0.902035
9.404372502e-01  0.901518
9.406253376e-01  0.899811
9.408134627e-01  0.897294
9.410016254e-01  0.894229
9.411898257e-01  0.890736
9.413780637e-01  0.886782
9.415663393e-01  0.882225
9.417546525e-01  0.876882
9.419430035e-01  0.870630
9.421313921e-01  0.863499
9.423198183e-01  0.855730
9.425082823e-01  0.847747
9.426967840e-01  0.840070
9.428853233e-01  0.833164
9.430739004e-01  0.827326
9.432625152e-01  0.822639
9.434511677e-01  0.819027
9.436398579e-01  0.816385
9.438285859e-01  0.814697
9.440173516e-01  0.814082
9.442061551e-01  0.814720
9.443949963e-01  0.816700
9.445838753e-01  0.819868
9.447727921e-01  0.823771
9.449617466e-01  0.827732
9.451507390e-01  0.831056
9.453397691e-01  0.833262
9.455288371e-01  0.834259
9.457179428e-01  0.834370
9.459070864e-01  0.834211
9.460962678e-01  0.834465
9.462854871e-01  0.835646
9.464747442e-01  0.837932
9.466640391e-01  0.841123
9.468533720e-01  0.844735
9.470427426e-01  0.848170
9.472321512e-01  0.850915
9.474215976e-01  0.852698
9.476110819e-01  0.853547
9.478006041e-01  0.853743
9.479901643e-01  0.853686
9.481797623e-01  0.853705
9.483693982e-01  0.853909
9.485590721e-01  0.854116
9.487487839e-01  0.853920
9.489385337e-01  0.852868
9.491283214e-01  0.850697
9.493181471e-01  0.847529
9.495080107e-01  0.843943
9.496979123e-01  0.840873
9.498878519e-01  0.839357
9.500778295e-01  0.840210
9.502678450e-01  0.843736
9.504578986e-01  0.849582
9.506479902e-01  0.856782
9.508381198e-01  0.863992
9.510282874e-01  0.869841
9.512184930e-01  0.873284
9.514087367e-01  0.873867
9.515990185e-01  0.871822
9.517893383e-01  0.867974
9.519796962e-01  0.863507
9.521700921e-01  0.859651
9.523605261e-01  0.857387
9.525509982e-01  0.857250
9.527415084e-01  0.859245
9.529320567e-01  0.862916
9.531226431e-01  0.867501
9.533132677e-01  0.872147
9.535039303e-01  0.876117
9.536946311e-01  0.878935
9.538853700e-01  0.880444
9.540761471e-01  0.880783
9.542669623e-01  0.880281
9.544578157e-01  0.879328
9.546487073e-01  0.878263
9.548396370e-01  0.877301
9.550306050e-01  0.876522
9.552216111e-01  0.875914
9.554126554e-01  0.875437
9.556037379e-01  0.875084
9.557948587e-01  0.874914
9.559860177e-01  0.875059
9.561772149e-01  0.875702
9.563684503e-01  0.877026
9.565597240e-01  0.879162
9.567510359e-01  0.882125
9.569423861e-01  0.885774
9.571337746e-01  0.889802
9.573252014e-01  0.893769
9.575166664e-01  0.897190
9.577081698e-01  0.899634
9.578997114e-01  0.900829
9.580912913e-01  0.900722
9.582829096e-01  0.899493
9.584745662e-01  0.897514
9.586662611e-01  0.895279
9.588579943e-01  0.893310
9.590497659e-01  0.892071
9.592415759e-01  0.891887
9.594334242e-01  0.892891
9.596253109e-01  0.895019
9.598172359e-01  0.898028
9.600091994e-01  0.901570
9.602012012e-01  0.905266
9.603932415e-01  0.908780
9.605853201e-01  0.911864
9.607774372e-01  0.914362
9.609695927e-01  0.916198
9.611617866e-01  0.917365
9.613540190e-01  0.917916
9.615462898e-01  0.917974
9.617385990e-01  0.917738
9.619309467e-01  0.917469
9.621233329e-01  0.917446
9.623157576e-01  0.917896
9.625082207e-01  0.918923
9.627007224e-01  0.920469
9.628932625e-01  0.922315
9.630858412e-01  0.924153
9.632784583e-01  0.925674
9.634711140e-01  0.926679
9.636638083e-01  0.927135
9.638565410e-01  0.927186
9.640493123e-01  0.927108
9.642421222e-01  0.927211
9.644349706e-01  0.927752
9.646278576e-01  0.928853
9.648207832e-01  0.930473
9.650137473e-01  0.932421
9.652067501e-01  0.934420
9.653997914e-01  0.936186
9.655928714e-01  0.937517
9.657859900e-01  0.938351
9.659791472e-01  0.938792
9.661723430e-01  0.939077
9.663655775e-01  0.939516
9.665588506e-01  0.940398
9.667521624e-01  0.941919
9.669455128e-01  0.944130
9.671389019e-01  0.946940
9.673323297e-01  0.950149
9.675257961e-01  0.953517
9.677193013e-01  0.956824
9.679128452e-01  0.959918
9.681064277e-01  0.962725
9.683000490e-01  0.965231
9.684937090e-01  0.967450
9.686874078e-01  0.969390
9.688811452e-01  0.971035
9.690749215e-01  0.972348
9.692687365e-01  0.973296
9.694625902e-01  0.973867
9.696564827e-01  0.974091
9.698504140e-01  0.974042
9.700443841e-01  0.973815
9.702383930e-01  0.973509
9.704324407e-01  0.973194
9.706265271e-01  0.972905
9.708206525e-01  0.972636
9.710148166e-01  0.972359
9.712090195e-01  0.972041
9.714032614e-01  0.971658
9.715975420e-01  0.971204
9.717918615e-01  0.970681
9.719862199e-01  0.970087
9.721806171e-01  0.969408
9.723750533e-01  0.968610
9.725695283e-01  0.967649
9.727640422e-01  0.966484
9.729585950e-01  0.965094
9.731531867e-01  0.963500
9.733478173e-01  0.961768
9.735424869e-01  0.960001
9.737371954e-01  0.958325
9.739319428e-01  0.956856
9.741267292e-01  0.955676
9.743215546e-01  0.954816
9.745164189e-01  0.954252
9.747113222e-01  0.953922
9.749062644e-01  0.953751
9.751012457e-01  0.953683
9.752962659e-01  0.953706
9.754913252e-01  0.953860
9.756864234e-01  0.954232
9.758815607e-01  0.954928
9.760767370e-01  0.956035
9.762719524e-01  0.957586
9.764672068e-01  0.959528
9.766625002e-01  0.961725
9.768578327e-01  0.963975
9.770532043e-01  0.966053
9.772486149e-01  0.967762
9.774440647e-01  0.968974
9.776395535e-01  0.969650
9.778350814e-01  0.969841
9.780306484e-01  0.969663
9.782262545e-01  0.969254
9.784218998e-01  0.968746
9.786175842e-01  0.968242
9.788133077e-01  0.967812
9.790090703e-01  0.967505
9.792048721e-01  0.967363
9.794007131e-01  0.967433
9.795965933e-01  0.967770
9.797925126e-01  0.968420
9.799884711e-01  0.969412
9.801844688e-01  0.970733
9.803805057e-01  0.972328
9.805765818e-01  0.974096
9.807726971e-01  0.975908
9.809688516e-01  0.977627
9.811650454e-01  0.979130
9.813612784e-01  0.980333
9.815575507e-01  0.981198
9.817538622e-01  0.981741
9.819502129e-01  0.982022
9.821466030e-01  0.982131
9.823430323e-01  0.982168
9.825395009e-01  0.982226
9.827360088e-01  0.982374
9.829325560e-01  0.982645
9.831291425e-01  0.983035
9.833257684e-01  0.983509
9.835224335e-01  0.984010
9.837191380e-01  0.984483
9.839158818e-01  0.984885
9.841126650e-01  0.985201
9.843094875e-01  0.985446
9.845063494e-01  0.985657
9.847032507e-01  0.985886
9.849001914e-01  0.986179
9.850971714e-01  0.986564
9.852941908e-01  0.987045
9.854912497e-01  0.987595
9.856883479e-01  0.988171
9.858854856e-01  0.988719
9.860826627e-01  0.989190
9.862798792e-01  0.989550
9.864771352e-01  0.989786
9.866744306e-01  0.989910
9.868717655e-01  0.989949
9.870691399e-01  0.989942
9.872665537e-01  0.989929
9.874640070e-01  0.989945
9.876614998e-01  0.990010
9.878590321e-01  0.990128
9.880566039e-01  0.990289
9.882542152e-01  0.990473
9.884518661e-01  0.990654
9.886495564e-01  0.990808
9.888472863e-01  0.990918
9.890450558e-01  0.990977
9.892428648e-01  0.990987
9.894407134e-01  0.990961
9.896386015e-01  0.990916
9.898365293e-01  0.990872
9.900344966e-01  0.990846
9.902325035e-01  0.990849
9.904305500e-01  0.990885
9.906286361e-01  0.990950
9.908267618e-01  0.991033
9.910249271e-01  0.991124
9.912231321e-01  0.991208
9.914213768e-01  0.991274
9.916196610e-01  0.991317
9.918179850e-01  0.991334
9.920163486e-01  0.991330
9.922147518e-01  0.991313
9.924131948e-01  0.991296
9.926116774e-01  0.991289
9.928101998e-01  0.991303
9.930087618e-01  0.991345
9.932073636e-01  0.991417
9.934060050e-01  0.991514
9.936046862e-01  0.991628
9.938034072e-01  0.991749
9.940021678e-01  0.991867
9.942009683e-01  0.991974
9.943998085e-01  0.992065
9.945986884e-01  0.992137
9.947976082e-01  0.992193
9.949965677e-01  0.992233
9.951955670e-01  0.992264
9.953946061e-01  0.992288
9.955936850e-01  0.992309
9.957928038e-01  0.992329
9.959919623e-01  0.992348
9.961911607e-01  0.992366
9.963903990e-01  0.992382
9.965896770e-01  0.992396
9.967889950e-01  0.992405
9.969883528e-01  0.992410
9.971877504e-01  0.992411
9.973871880e-01  0.992408
9.975866654e-01  0.992404
9.977861828e-01  0.992397
9.979857400e-01  0.992390
9.981853372e-01  0.992381
9.983849742e-01  0.992370
9.985846512e-01  0.992357
9.987843681e-01  0.992344
9.989841250e-01  0.992331
9.991839218e-01  0.992320
9.993837586e-01  0.992314
9.995836354e-01  0.992313
9.997835521e-01  0.992316
9.999835088e-01  0.992321
1.000183506e+00  0.992320
1.000383542e+00  0.992305
1.000583619e+00  0.992269
1.000783736e+00  0.992205
1.000983892e+00  0.992114
1.001184089e+00  0.992000
1.001384326e+00  0.991876
1.001584603e+00  0.991759
1.001784920e+00  0.991666
1.001985277e+00  0.991613
1.002185674e+00  0.991608
1.002386111e+00  0.991652
1.002586588e+00  0.991736
1.002787105e+00  0.991846
1.002987663e+00  0.991966
1.003188260e+00  0.992079
1.003388898e+00  0.992174
1.003589576e+00  0.992249
1.003790294e+00  0.992302
1.003991052e+00  0.992341
1.004191850e+00  0.992370
1.004392688e+00  0.992396
1.004593567e+00  0.992422
1.004794486e+00  0.992449
1.004995445e+00  0.992477
1.005196444e+00  0.992504
1.005397483e+00  0.992532
1.005598562e+00  0.992558
1.005799682e+00  0.992584
1.006000842e+00  0.992607
1.006202042e+00  0.992627
1.006403283e+00  0.992642
1.006604563e+00  0.992648
1.006805884e+00  0.992644
1.007007245e+00  0.992627
1.007208647e+00  0.992598
1.007410089e+00  0.992555
1.007611571e+00  0.992500
1.007813093e+00  0.992432
1.008014656e+00  0.992355
1.008216258e+00  0.992268
1.008417902e+00  0.992174
1.008619585e+00  0.992080
1.008821309e+00  0.991991
1.009023074e+00  0.991917
1.009224878e+00  0.991868
1.009426723e+00  0.991854
1.009628608e+00  0.991878
1.009830534e+00  0.991942
1.010032500e+00  0.992039
1.010234507e+00  0.992159
1.010436554e+00  0.992289
1.010638641e+00  0.992415
1.010840769e+00  0.992526
1.011042937e+00  0.992613
1.011245145e+00  0.992676
1.011447394e+00  0.992717
1.011649684e+00  0.992742
1.011852014e+00  0.992758
1.012054384e+00  0.992775
1.012256795e+00  0.992796
1.012459247e+00  0.992826
1.012661738e+00  0.992864
1.012864271e+00  0.992906
1.013066844e+00  0.992948
1.013269457e+00  0.992985
1.013472111e+00  0.993014
1.013674805e+00  0.993033
1.013877540e+00  0.993041
1.014080316e+00  0.993041
1.014283132e+00  0.993036
1.014485988e+00  0.993029
1.014688886e+00  0.993023
1.014891823e+00  0.993022
1.015094802e+00  0.993028
1.015297821e+00  0.993040
1.015500880e+00  0.993059
1.015703980e+00  0.993082
1.015907121e+00  0.993107
1.016110303e+00  0.993132
1.016313525e+00  0.993154
1.016516787e+00  0.993172
1.016720091e+00  0.993187
1.016923435e+00  0.993198
1.017126820e+00  0.993208
1.017330245e+00  0.993215
1.017533711e+00  0.993221
1.017737218e+00  0.993221
1.017940765e+00  0.993214
1.018144353e+00  0.993197
1.018347982e+00  0.993170
1.018551652e+00  0.993135
1.018755362e+00  0.993096
1.018959113e+00  0.993061
1.019162905e+00  0.993038
1.019366738e+00  0.993030
1.019570611e+00  0.993042
1.019774525e+00  0.993070
1.019978480e+00  0.993112
1.020182476e+00  0.993159
1.020386512e+00  0.993204
1.020590589e+00  0.993243
1.020794708e+00  0.993272
1.020998866e+00  0.993291
1.021203066e+00  0.993299
1.021407307e+00  0.993299
1.021611588e+00  0.993293
1.021815911e+00  0.993280
1.022020274e+00  0.993261
1.022224678e+00  0.993233
1.022429123e+00  0.993196
1.022633609e+00  0.993151
1.022838135e+00  0.993101
1.023042703e+00  0.993050
1.023247312e+00  0.993005
1.023451961e+00  0.992974
1.023656651e+00  0.992965
1.023861383e+00  0.992980
1.024066155e+00  0.993021
1.024270968e+00  0.993083
1.024475822e+00  0.993160
1.024680718e+00  0.993243
1.024885654e+00  0.993322
1.025090631e+00  0.993393
1.025295649e+00  0.993450
1.025500708e+00  0.993492
1.025705808e+00  0.993520
1.025910949e+00  0.993535
1.026116132e+00  0.993540
1.026321355e+00  0.993537
1.026526619e+00  0.993527
1.026731924e+00  0.993512
1.026937271e+00  0.993497
1.027142658e+00  0.993483
1.027348087e+00  0.993475
1.027553556e+00  0.993474
1.027759067e+00  0.993482
1.027964619e+00  0.993500
1.028170212e+00  0.993526
1.028375846e+00  0.993558
1.028581521e+00  0.993594
1.028787237e+00  0.993632
1.028992995e+00  0.993670
1.029198793e+00  0.993707
1.029404633e+00  0.993741
1.029610514e+00  0.993772
1.029816436e+00  0.993799
1.030022399e+00  0.993820
1.030228404e+00  0.993837
1.030434450e+00  0.993848
1.030640537e+00  0.993857
1.030846665e+00  0.993862
1.031052834e+00  0.993867
1.031259045e+00  0.993873
1.031465296e+00  0.993881
1.031671589e+00  0.993891
1.031877924e+00  0.993904
1.032084299e+00  0.993919
1.032290716e+00  0.993935
1.032497174e+00  0.993950
1.032703674e+00  0.993964
1.032910214e+00  0.993977
1.033116797e+00  0.993988
1.033323420e+00  0.993999
1.033530085e+00  0.994008
1.033736791e+00  0.994017
1.033943538e+00  0.994026
1.034150327e+00  0.994034
1.034357157e+00  0.994042
1.034564028e+00  0.994047
1.034770941e+00  0.994050
1.034977895e+00  0.994051
1.035184891e+00  0.994048
1.035391928e+00  0.994041
1.035599006e+00  0.994030
1.035806126e+00  0.994016
1.036013287e+00  0.994000
1.036220490e+00  0.993982
1.036427734e+00  0.993965
1.036635019e+00  0.993950
1.036842346e+00  0.993940
1.037049715e+00  0.993935
1.037257125e+00  0.993936
1.037464576e+00  0.993944
1.037672069e+00  0.993956
1.037879604e+00  0.993971
1.038087180e+00  0.993987
1.038294797e+00  0.994003
1.038502456e+00  0.994017
1.038710156e+00  0.994029
1.038917898e+00  0.994039
1.039125682e+00  0.994047
1.039333507e+00  0.994054
1.039541374e+00  0.994059
1.039749282e+00  0.994064
1.039957232e+00  0.994067
1.040165223e+00  0.994066
1.040373256e+00  0.994060
1.040581331e+00  0.994044
1.040789447e+00  0.994015
1.040997605e+00  0.993968
1.041205805e+00  0.993899
1.041414046e+00  0.993804
1.041622329e+00  0.993682
1.041830653e+00  0.993536
1.042039019e+00  0.993369
1.042247427e+00  0.993190
1.042455877e+00  0.993007
1.042664368e+00  0.992830
1.042872901e+00  0.992667
1.043081475e+00  0.992523
1.043290092e+00  0.992402
1.043498750e+00  0.992301
1.043707449e+00  0.992221
1.043916191e+00  0.992155
1.044124974e+00  0.992102
1.044333799e+00  0.992056
1.044542666e+00  0.992015
1.044751574e+00  0.991976
1.044960525e+00  0.991939
1.045169517e+00  0.991901
1.045378551e+00  0.991864
1.045587626e+00  0.991827
1.045796744e+00  0.991790
1.046005903e+00  0.991752
1.046215104e+00  0.991714
1.046424347e+00  0.991676
1.046633632e+00  0.991637
1.046842959e+00  0.991596
1.047052328e+00  0.991551
1.047261738e+00  0.991502
1.047471190e+00  0.991446
1.047680685e+00  0.991380
1.047890221e+00  0.991303
1.048099799e+00  0.991214
1.048309419e+00  0.991111
1.048519081e+00  0.990997
1.048728785e+00  0.990874
1.048938530e+00  0.990747
1.049148318e+00  0.990623
1.049358148e+00  0.990506
1.049568019e+00  0.990402
1.049777933e+00  0.990314
1.049987888e+00  0.990244
